date,open,high,low,close,volume,dividends,stock_splits,ticker,pe_ratio,eps,market_cap_usd_m,revenue_ttm_usd_m,debt_to_equity,beta,52w_high,52w_low,sector,industry,long_name,daily_return,log_return,rolling_vol_30d,rolling_vol_60d,sma_20,sma_50,price_vs_52w_high_pct,close_norm,volume_norm
2025-03-04,64.28774810556973,64.86888434082603,62.53478862605716,63.887611389160156,1576800,0.0,0.0,BXP,32.390804,1.74,9974.376448,3153.085952,225.995,1.032,79.33,53.36,Real Estate,REIT - Office,"BXP, Inc.",,,,,,,-19.466013627681637,0.39756210210599197,0.06341795969567234
2025-03-05,63.430325503335304,64.77361935815462,62.30614705045302,64.47828674316406,2133900,0.0,0.0,BXP,32.390804,1.74,9974.376448,3153.085952,225.995,1.032,79.33,53.36,Real Estate,REIT - Office,"BXP, Inc.",0.009245538237545148,0.009203059871728288,,,,,-18.721433577254427,0.42388372940207125,0.09380164162417169
2025-03-06,63.315998959563444,64.15436648814273,62.668167192965186,63.51606369018555,1614300,0.0,0.0,BXP,32.390804,1.74,9974.376448,3153.085952,225.995,1.032,79.33,53.36,Real Estate,REIT - Office,"BXP, Inc.",-0.014923210612145077,-0.015035682079279248,,,,,-19.93437074223428,0.381005223629798,0.06546317253415505
2025-03-07,63.687547728257336,65.8977959655981,63.52559160640922,65.73583984375,1357800,0.0,0.0,BXP,32.390804,1.74,9974.376448,3153.085952,225.995,1.032,79.33,53.36,Real Estate,REIT - Office,"BXP, Inc.",0.0349482638658456,0.034351438864912785,,,,,-17.13621600434892,0.47992270884192284,0.05147391671893322
2025-03-10,65.30712697363606,66.59326144247152,64.34490472975601,64.94509887695312,2282600,0.0,0.0,BXP,32.390804,1.74,9974.376448,3153.085952,225.995,1.032,79.33,53.36,Real Estate,REIT - Office,"BXP, Inc.",-0.012029069206028531,-0.01210200394042104,,,,,-18.132990196706007,0.4446857739085735,0.10191159226636852
2025-03-11,65.25948927038577,65.25948927038577,61.90601214396261,62.46809768676758,1579400,0.0,0.0,BXP,32.390804,1.74,9974.376448,3153.085952,225.995,1.032,79.33,53.36,Real Estate,REIT - Office,"BXP, Inc.",-0.03813992484449902,-0.03888629091691042,,,,,-21.255391797847498,0.33430584744294745,0.06355976111914047
2025-03-12,62.8682330937987,63.50654317211062,62.20135064597854,62.9635009765625,1123000,0.0,0.0,BXP,32.390804,1.74,9974.376448,3153.085952,225.995,1.032,79.33,53.36,Real Estate,REIT - Office,"BXP, Inc.",0.007930500657775896,0.00789921951202784,,,,,-20.63090763070402,0.35638196872825717,0.03866815739958005
2025-03-13,62.94444881498679,63.68754845878853,60.70562091498909,60.94379425048828,1518900,0.0,0.0,BXP,32.390804,1.74,9974.376448,3153.085952,225.995,1.032,79.33,53.36,Real Estate,REIT - Office,"BXP, Inc.",-0.03207742096212274,-0.03260317523692882,,,,,-23.17686341801553,0.26637996114363305,0.060260151073055004
2025-03-14,61.906015775739654,62.55384753081801,61.33439396301448,62.41094207763672,1182500,0.0,0.0,BXP,32.390804,1.74,9974.376448,3153.085952,225.995,1.032,79.33,53.36,Real Estate,REIT - Office,"BXP, Inc.",0.024073785447591867,0.023788580122563817,,,,,-21.327439710529784,0.331758883816947,0.041913228436639305
2025-03-17,63.15404759136601,65.98354820757079,63.09688831216154,65.39287567138672,1765100,0.0,0.0,BXP,32.390804,1.74,9974.376448,3153.085952,225.995,1.032,79.33,53.36,Real Estate,REIT - Office,"BXP, Inc.",0.047779019102781595,0.04667270403008169,,,,,-17.568541949594454,0.46463956716407506,0.07368765509530692
2025-03-18,64.78314409105042,65.73583738650704,64.40206531917318,65.17375183105469,1418500,0.0,0.0,BXP,32.390804,1.74,9974.376448,3153.085952,225.995,1.032,79.33,53.36,Real Estate,REIT - Office,"BXP, Inc.",-0.003350882463606264,-0.0033565092435504863,,,,,-17.844760076825047,0.4548749883344204,0.05478443456682392
2025-03-19,65.1642247124233,66.54562712265326,65.00226859203255,65.60246276855469,1462700,0.0,0.0,BXP,32.390804,1.74,9974.376448,3153.085952,225.995,1.032,79.33,53.36,Real Estate,REIT - Office,"BXP, Inc.",0.006577969281426732,0.006556428851418112,,,,,-17.30434543230217,0.47397917041707616,0.05719505876578222
2025-03-20,65.47862120581696,66.05023579758432,64.95463692342044,65.23091888427734,1346500,0.0,0.0,BXP,32.390804,1.74,9974.376448,3153.085952,225.995,1.032,79.33,53.36,Real Estate,REIT - Office,"BXP, Inc.",-0.005663566100988504,-0.005679664904679561,,,,,-17.772697738210834,0.4574224619311128,0.05085762591693709
2025-03-21,65.28806971427962,65.74536568960124,64.24963752160298,65.1070556640625,2903000,0.0,0.0,BXP,32.390804,1.74,9974.376448,3153.085952,225.995,1.032,79.33,53.36,Real Estate,REIT - Office,"BXP, Inc.",-0.001898842179957394,-0.001900647266180772,,,,,-17.928834408089624,0.45190287914153576,0.13574759346622672
2025-03-24,65.7358345330669,66.56468028078619,65.60245805897038,66.19313049316406,1555400,0.0,0.0,BXP,32.390804,1.74,9974.376448,3153.085952,225.995,1.032,79.33,53.36,Real Estate,REIT - Office,"BXP, Inc.",0.01668136913924445,0.01654376329508199,,,,,-16.55977499916291,0.500300457732694,0.06225082490251152
2025-03-25,66.44082100397267,66.59325540316716,64.61165182447199,65.26901245117188,1139100,0.0,0.0,BXP,32.390804,1.74,9974.376448,3153.085952,225.995,1.032,79.33,53.36,Real Estate,REIT - Office,"BXP, Inc.",-0.013960935751295533,-0.014059306250816686,,,,,-17.724678619473245,0.459119984374498,0.03954623544490197
2025-03-26,65.34523165080545,65.87874485518701,64.75456644132788,65.65962219238281,1106700,0.0,0.0,BXP,32.390804,1.74,9974.376448,3153.085952,225.995,1.032,79.33,53.36,Real Estate,REIT - Office,"BXP, Inc.",0.005984612399385636,0.005966775734904728,,,,,-17.232292710975905,0.4765263040333072,0.03777917155245289
2025-03-27,65.5453010417275,66.14549519578411,64.90699101550773,65.08800506591797,1063100,0.0,0.0,BXP,32.390804,1.74,9974.376448,3153.085952,225.995,1.032,79.33,53.36,Real Estate,REIT - Office,"BXP, Inc.",-0.008705763258734622,-0.008743879799320783,,,,,-17.952848776102396,0.4510539479296125,0.03540127075891031
2025-03-28,65.26902397452903,65.57388555826965,63.89714321345954,64.47828674316406,1216700,0.0,0.0,BXP,32.390804,1.74,9974.376448,3153.085952,225.995,1.032,79.33,53.36,Real Estate,REIT - Office,"BXP, Inc.",-0.009367598870735239,-0.009411750772903129,,,,,-18.721433577254427,0.42388372940207125,0.04377846254533555
2025-03-31,64.38160629119106,65.42563413313984,63.70492567618661,64.95195770263672,1582200,0.98,0.0,BXP,32.390804,1.74,9974.376448,3153.085952,225.995,1.032,79.33,53.36,Real Estate,REIT - Office,"BXP, Inc.",0.007346208830880219,0.007319356865358517,,,64.47481575012208,,-18.12434425483837,0.44499141634330275,0.06371247034441384
2025-04-01,65.22263631210599,65.43530949050422,63.52125826018644,64.72962188720703,1340100,0.0,0.0,BXP,32.390804,1.74,9974.376448,3153.085952,225.995,1.032,79.33,53.36,Real Estate,REIT - Office,"BXP, Inc.",-0.0034230810478044216,-0.003428953194119107,,,64.51691627502441,,-18.40461126029619,0.43508370573943117,0.05050857625916937
2025-04-02,64.07226930505621,65.68664127835561,63.327920584670444,65.56097412109375,1148100,0.0,0.0,BXP,32.390804,1.74,9974.376448,3153.085952,225.995,1.032,79.33,53.36,Real Estate,REIT - Office,"BXP, Inc.",0.012843458831497179,0.012761681075945656,,,64.5710506439209,,-17.3566442441778,0.47213035666840225,0.04003708652613782
2025-04-03,63.58892806244012,64.24627818847675,60.40851771198927,60.51485061645508,1449700,0.0,0.0,BXP,32.390804,1.74,9974.376448,3153.085952,225.995,1.032,79.33,53.36,Real Estate,REIT - Office,"BXP, Inc.",-0.0598086464986285,-0.0800918125821492,,,64.42098999023438,,-23.7175713898209,0.24726540965690702,0.056486051648441546
2025-04-04,59.180818752652556,59.83816886715643,56.918761873361746,58.40746307373047,2530800,0.0,0.0,BXP,32.390804,1.74,9974.376448,3153.085952,225.995,1.032,79.33,53.36,Real Estate,REIT - Office,"BXP, Inc.",-0.03482430380736279,-0.03544512562221952,,,64.0545711517334,,-26.374053858905246,0.1533561766205296,0.11544817430667285
2025-04-07,56.8994264588595,59.9541695282337,54.56003258405977,56.541751861572266,2276600,0.0,0.0,BXP,32.390804,1.74,9974.376448,3153.085952,225.995,1.032,79.33,53.36,Real Estate,REIT - Office,"BXP, Inc.",-0.031943027722382444,-0.03246433777879054,,,63.63440380096436,,-28.725889497576873,0.07021650465747734,0.10158435821221129
2025-04-08,57.962785706340846,59.32581973318234,54.10569106528503,54.96604537963867,1983800,0.0,0.0,BXP,32.390804,1.74,9974.376448,3153.085952,225.995,1.032,79.33,53.36,Real Estate,REIT - Office,"BXP, Inc.",-0.027868016643546878,-0.028263698393548465,,,63.25930118560791,,-30.7121575953124,0.0,0.08561533636933817
2025-04-09,53.941356235574524,59.90584153171085,52.4139863965579,59.53849792480469,2482700,0.0,0.0,BXP,32.390804,1.74,9974.376448,3153.085952,225.995,1.032,79.33,53.36,Real Estate,REIT - Office,"BXP, Inc.",0.05903977894773529,0.07990748941264117,,,63.08805103302002,,-24.948319772085352,0.20375726007026376,0.11282484797251234
2025-04-10,57.80811521955157,58.16578982086243,54.97571058082454,57.67277908325195,2200500,0.0,0.0,BXP,32.390804,1.74,9974.376448,3153.085952,225.995,1.032,79.33,53.36,Real Estate,REIT - Office,"BXP, Inc.",-0.031336343820918655,-0.03183783139227947,,,62.9245002746582,,-27.30016502804493,0.12061724812675016,0.097433939625317
2025-04-11,57.102431825520696,58.76514137270931,55.633061198084995,58.62013626098633,1907200,0.0,0.0,BXP,32.390804,1.74,9974.376448,3153.085952,225.995,1.032,79.33,53.36,Real Estate,REIT - Office,"BXP, Inc.",0.016426418022388756,0.016292963883656784,,,62.73495998382568,,-26.10596714863692,0.16283330197013576,0.08143764827793079
2025-04-14,59.9251708942859,61.24953640316282,59.22915226182123,60.746856689453125,1903300,0.0,0.0,BXP,32.390804,1.74,9974.376448,3153.085952,225.995,1.032,79.33,53.36,Real Estate,REIT - Office,"BXP, Inc.",0.03627969097509931,0.03563707938509955,,,62.50265903472901,,-23.42511447188563,0.25760404549550536,0.08122494614272859
2025-04-15,60.650188450341155,61.71354696111132,60.321513398126775,61.47187423706055,1486600,0.0,0.0,BXP,32.390804,1.74,9974.376448,3153.085952,225.995,1.032,79.33,53.36,Real Estate,REIT - Office,"BXP, Inc.",0.011935062768989368,0.011864401582150585,0.4809525516736308,,62.3175651550293,,-22.511188406579414,0.28991221874478873,0.05849854108150855
2025-04-16,61.471872196739895,61.97455188859698,60.39884474754814,60.96919250488281,1412100,0.0,0.0,BXP,32.390804,1.74,9974.376448,3153.085952,225.995,1.032,79.33,53.36,Real Estate,REIT - Office,"BXP, Inc.",-0.008177426480266203,-0.008211045033123608,0.4804278782266429,,62.0859016418457,,-23.144847466427816,0.267511756099377,0.0544353849090562
2025-04-17,61.35587321367215,62.651235492436115,61.259201910130166,61.75221633911133,1413500,0.0,0.0,BXP,32.390804,1.74,9974.376448,3153.085952,225.995,1.032,79.33,53.36,Real Estate,REIT - Office,"BXP, Inc.",0.01284294251011775,0.012761171301699173,0.48038732266849843,,61.911966514587405,,-22.15780116083281,0.30240480079609827,0.054511739521692894
2025-04-21,60.77585782975986,61.15286670301667,59.52882933074886,60.4858512878418,1388600,0.0,0.0,BXP,32.390804,1.74,9974.376448,3153.085952,225.995,1.032,79.33,53.36,Real Estate,REIT - Office,"BXP, Inc.",-0.020507200005831505,-0.020720392319638757,0.4716392547176955,,61.68090629577637,,-23.75412670132132,0.2459731439234187,0.05315371819694036
2025-04-22,61.61687861292293,62.18722638239743,60.843522955061665,61.8005485534668,1588200,0.0,0.0,BXP,32.390804,1.74,9974.376448,3153.085952,225.995,1.032,79.33,53.36,Real Estate,REIT - Office,"BXP, Inc.",0.02173561647282729,0.021502766018242202,0.4757493432190709,,61.46127719879151,,-22.096875641665452,0.30455857701857875,0.06403970439857108
2025-04-23,63.45359380828073,65.21297105447832,62.844581160650804,63.11525344848633,1742400,0.0,0.0,BXP,32.390804,1.74,9974.376448,3153.085952,225.995,1.032,79.33,53.36,Real Estate,REIT - Office,"BXP, Inc.",0.021273353162587494,0.021050234164492185,0.4667616508189057,,61.35358924865723,,-20.43961496472163,0.3631443500942001,0.07244961959041205
2025-04-24,63.10557500043966,64.08193478521818,62.91223978822824,63.83059310913086,1004100,0.0,0.0,BXP,32.390804,1.74,9974.376448,3153.085952,225.995,1.032,79.33,53.36,Real Estate,REIT - Office,"BXP, Inc.",0.01133386339371012,0.01127011637843966,0.4673198143657533,,61.26213779449463,,-19.537888429180814,0.39502125812829536,0.032183469226364156
2025-04-25,63.52125718883149,63.84026695104839,63.14424833358103,63.656593322753906,770200,0.0,0.0,BXP,32.390804,1.74,9974.376448,3153.085952,225.995,1.032,79.33,53.36,Real Estate,REIT - Office,"BXP, Inc.",-0.0027259622369396608,-0.0027296844379233443,0.45696341651474226,,61.19056720733643,,-19.757225106827295,0.3872674937371349,0.019426795015134574
2025-04-28,63.31825823359009,64.54595251452858,63.14425356480772,64.03360748291016,1331000,0.0,0.0,BXP,32.390804,1.74,9974.376448,3153.085952,225.995,1.032,79.33,53.36,Real Estate,REIT - Office,"BXP, Inc.",0.005922625457581487,0.005905155655551776,0.4522977999262932,,61.16833324432373,,-19.281977205458016,0.40406796821386676,0.050012271277030895
2025-04-29,63.753260297149794,64.05293948377347,61.7715484272848,62.95091247558594,2443200,0.0,0.0,BXP,32.390804,1.74,9974.376448,3153.085952,225.995,1.032,79.33,53.36,Real Estate,REIT - Office,"BXP, Inc.",-0.016908230691409676,-0.017052806825578547,0.4329099736517479,,61.06828098297119,,-20.64677615582259,0.3558210009670744,0.1106705571159772
2025-04-30,60.050835372616056,62.071219423643115,58.75546946878579,61.607208251953125,3881200,0.0,0.0,BXP,32.390804,1.74,9974.376448,3153.085952,225.995,1.032,79.33,53.36,Real Estate,REIT - Office,"BXP, Inc.",-0.021345270001510097,-0.021576374858250973,0.4369149887935944,,60.912160301208495,,-22.34059214426683,0.2959429621579648,0.18909765209566143
2025-05-01,62.283894421492434,63.10558020404449,61.09486506770897,62.13888931274414,1244100,0.0,0.0,BXP,32.390804,1.74,9974.376448,3153.085952,225.995,1.032,79.33,53.36,Real Estate,REIT - Office,"BXP, Inc.",0.00863017617381101,0.008593149084443336,0.43728536990347544,,60.74105606079102,,-21.670377772918012,0.31963569053686486,0.0452728313926536
2025-05-02,63.182915368105014,63.8982645413381,62.31289211673182,62.883243560791016,1254700,0.0,0.0,BXP,32.390804,1.74,9974.376448,3153.085952,225.995,1.032,79.33,53.36,Real Estate,REIT - Office,"BXP, Inc.",0.011978879189496805,0.011907700281374804,0.438791589616993,,60.859475708007814,,-20.732076691300875,0.3528055442653711,0.04585094488833138
2025-05-05,62.37089919066759,63.38592767638463,62.21623246799912,62.58357238769531,691800,0.0,0.0,BXP,32.390804,1.74,9974.376448,3153.085952,225.995,1.032,79.33,53.36,Real Estate,REIT - Office,"BXP, Inc.",-0.004765517109593831,-0.0047769083908941095,0.43892965792808386,,61.068281173706055,,-21.109829336070447,0.3394516217153,0.015150936707480024
2025-05-06,62.20655919017078,62.7092425984228,61.58787759175785,61.84888458251953,1038400,0.0,0.0,BXP,32.390804,1.74,9974.376448,3153.085952,225.995,1.032,79.33,53.36,Real Estate,REIT - Office,"BXP, Inc.",-0.011739307571394408,-0.011808757305456169,0.43673417946200443,,61.33363780975342,,-22.035945313854114,0.3067125232312899,0.03405415723596302
2025-05-07,62.303223947123186,62.95091243861158,61.80054793721219,61.91655349731445,1337100,0.0,0.0,BXP,32.390804,1.74,9974.376448,3153.085952,225.995,1.032,79.33,53.36,Real Estate,REIT - Office,"BXP, Inc.",0.0010941008112221873,0.0010935027191385663,0.43529714339927833,,61.681163215637206,,-21.950644778375832,0.3097279799329932,0.05034495923209075
2025-05-08,62.26456577930832,62.515900108647415,61.355873953226634,61.42354202270508,1402800,0.0,0.0,BXP,32.390804,1.74,9974.376448,3153.085952,225.995,1.032,79.33,53.36,Real Estate,REIT - Office,"BXP, Inc.",-0.007962514816506339,-0.007994384927832677,0.4351198775619137,,61.77541542053223,,-22.57211392574678,0.28775844252230826,0.053928172125112486
2025-05-09,61.597543932753354,62.27422459731888,61.1818665601585,62.07122039794922,1105300,0.0,0.0,BXP,32.390804,1.74,9974.376448,3153.085952,225.995,1.032,79.33,53.36,Real Estate,REIT - Office,"BXP, Inc.",0.010544464775488427,0.010489259640094808,0.4360632226103058,,61.99533748626709,,-21.755678308396295,0.31662023383516147,0.037702816939816204
2025-05-12,63.92726876634849,64.91329764849945,63.7629330777455,64.3816146850586,1216100,0.0,0.0,BXP,32.390804,1.74,9974.376448,3153.085952,225.995,1.032,79.33,53.36,Real Estate,REIT - Office,"BXP, Inc.",0.03722166685779715,0.036545664222955174,0.44920351960291766,,62.2834114074707,,-18.843294232877103,0.41957583697664896,0.043745739139919824
2025-05-13,64.71028658968545,64.87462226089792,63.29891886140367,63.84026336669922,1215800,0.0,0.0,BXP,32.390804,1.74,9974.376448,3153.085952,225.995,1.032,79.33,53.36,Real Estate,REIT - Office,"BXP, Inc.",-0.008408476876629378,-0.008444027543230155,0.44938794204807625,,62.43808174133301,62.711138534545896,-19.525698516703365,0.3954521833630221,0.04372937743721197
2025-05-14,63.64692162348719,64.58461292213097,63.192583122068655,63.90793228149414,2143500,0.0,0.0,BXP,32.390804,1.74,9974.376448,3153.085952,225.995,1.032,79.33,53.36,Real Estate,REIT - Office,"BXP, Inc.",0.0010599723626800728,0.0010594109886342118,0.4492953671816573,,62.55988464355469,62.71154495239258,-19.440397981225082,0.39846764006472546,0.09432521611082327
2025-05-15,63.9079386294994,64.7876235497068,63.617928397410566,64.74896240234375,923200,0.0,0.0,BXP,32.390804,1.74,9974.376448,3153.085952,225.995,1.032,79.33,53.36,Real Estate,REIT - Office,"BXP, Inc.",0.013160027101880578,0.013074186237123976,0.44937517160307,,62.74887313842773,62.71695846557617,-18.380231435341294,0.4359455562088847,0.02777126339614409
2025-05-16,64.8262892861322,65.67698199688822,64.30427531596817,65.58030700683594,1103300,0.0,0.0,BXP,32.390804,1.74,9974.376448,3153.085952,225.995,1.032,79.33,53.36,Real Estate,REIT - Office,"BXP, Inc.",0.012839504659955647,0.012757777038035677,0.386781736061153,,62.940277671813966,62.75824333190918,-17.332274036510857,0.47299186715739444,0.03759373892176379
2025-05-19,64.93263324184461,65.72531957344945,64.66196093962839,65.63832092285156,1044500,0.0,0.0,BXP,32.390804,1.74,9974.376448,3153.085952,225.995,1.032,79.33,53.36,Real Estate,REIT - Office,"BXP, Inc.",0.0008846240382738291,0.000884232989033329,0.36994485597808024,,63.19790115356445,62.75629295349121,-17.25914417893412,0.4755770785852937,0.03438684519102288
2025-05-20,65.2516295134331,66.08298419799586,65.2516295134331,65.34829711914062,1217800,0.0,0.0,BXP,32.390804,1.74,9974.376448,3153.085952,225.995,1.032,79.33,53.36,Real Estate,REIT - Office,"BXP, Inc.",-0.004418513448139816,-0.004428303928910246,0.35490150745173527,,63.375288581848146,62.76435691833496,-17.624735763090097,0.46265306132856543,0.04383845545526438
2025-05-21,65.25163341127862,65.25163341127862,62.77690715606191,62.82523727416992,1257900,0.0,0.0,BXP,32.390804,1.74,9974.376448,3153.085952,225.995,1.032,79.33,53.36,Real Estate,REIT - Office,"BXP, Inc.",-0.0386094199267466,-0.03937452170502664,0.36479254907524467,,63.36078777313232,62.771499710083006,-20.80519693158966,0.3502206728179332,0.04602546971721524
2025-05-22,62.64157695458752,63.26992017633268,61.79088419238067,62.47723388671875,999800,0.0,0.0,BXP,32.390804,1.74,9974.376448,3153.085952,225.995,1.032,79.33,53.36,Real Estate,REIT - Office,"BXP, Inc.",-0.005539229178434857,-0.00555462759829104,0.27963796998605006,,63.29311981201172,62.76177436828613,-21.243875095526597,0.33471297404538164,0.031948951487551475
2025-05-23,61.91655644525722,62.85424044348067,61.732882810166835,62.45790100097656,1369700,0.0,0.0,BXP,32.390804,1.74,9974.376448,3153.085952,225.995,1.032,79.33,53.36,Real Estate,REIT - Office,"BXP, Inc.",-0.0003094388874071985,-0.00030948677349851907,0.26160818400009256,,63.23318519592285,62.792056503295896,-21.26824530319354,0.3338514635563894,0.05212293092634507
2025-05-27,63.434263751208896,65.08730441561842,63.19259101006247,64.85529327392578,1619300,0.0,0.0,BXP,32.390804,1.74,9974.376448,3153.085952,225.995,1.032,79.33,53.36,Real Estate,REIT - Office,"BXP, Inc.",0.03838413130328755,0.037665784978122445,0.27873289871831614,,63.27426948547363,62.84094352722168,-18.246195293173095,0.44068386389834174,0.06573586757928608
2025-05-28,64.92295965652801,65.58997131377608,64.28494016885989,65.51263427734375,1392000,0.0,0.0,BXP,32.390804,1.74,9974.376448,3153.085952,225.995,1.032,79.33,53.36,Real Estate,REIT - Office,"BXP, Inc.",0.01013550275135744,0.010084482994325057,0.26182094833667446,,63.40235557556152,62.84333869934082,-17.417579380633114,0.46997624046546044,0.05333915082762946
2025-05-29,66.04431854298988,66.58566305862612,65.46430550834165,66.5566635131836,1643800,0.0,0.0,BXP,32.390804,1.74,9974.376448,3153.085952,225.995,1.032,79.33,53.36,Real Estate,REIT - Office,"BXP, Inc.",0.01593630369708543,0.015810653979458533,0.2633063339424253,0.38550960714480437,63.649828338623045,62.870996932983395,-16.101520845602426,0.5165001867342683,0.06707207330042814
2025-05-30,66.2473293466677,66.2473293466677,64.60395768864058,65.0873031616211,2502800,0.0,0.0,BXP,32.390804,1.74,9974.376448,3153.085952,225.995,1.032,79.33,53.36,Real Estate,REIT - Office,"BXP, Inc.",-0.022076833092323667,-0.022324173477525328,0.2712954999050201,0.38797488130947483,63.7972490310669,62.860693740844724,-17.953733566593854,0.45102266972717076,0.11392108205393908
2025-06-02,64.5846129971792,65.48363577807902,63.627591125661944,65.33863067626953,1110600,0.0,0.0,BXP,32.390804,1.74,9974.376448,3153.085952,225.995,1.032,79.33,53.36,Real Estate,REIT - Office,"BXP, Inc.",0.003861390815722565,0.0038539547823470124,0.2695118253607217,0.38670359430461887,63.92001838684082,62.86284797668457,-17.63692086692357,0.46222230608406933,0.037991873687655095
2025-06-03,65.24196934539971,68.46105193924319,64.8842984184837,68.03570556640625,1838300,0.0,0.0,BXP,32.390804,1.74,9974.376448,3153.085952,225.995,1.032,79.33,53.36,Real Estate,REIT - Office,"BXP, Inc.",0.04127841159542811,0.04044920017268741,0.2837444581633316,0.38930260193034055,64.19262504577637,62.92142097473145,-14.237103786201624,0.5824091389467847,0.0776799105560252
2025-06-04,68.00670623838951,69.31173753395663,67.44602372242935,68.8573989868164,1886600,0.0,0.0,BXP,32.390804,1.74,9974.376448,3153.085952,225.995,1.032,79.33,53.36,Real Estate,REIT - Office,"BXP, Inc.",0.012077385154889653,0.01200503548613753,0.27987728569265696,0.3890260516339614,64.54305076599121,62.97470634460449,-13.201312256628755,0.619025374611721,0.08031414469199094
2025-06-05,68.93473008093851,70.01742661254478,68.58672074489601,69.41807556152344,1314200,0.0,0.0,BXP,32.390804,1.74,9974.376448,3153.085952,225.995,1.032,79.33,53.36,Real Estate,REIT - Office,"BXP, Inc.",0.008142575568594657,0.008109603663378092,0.2752872029409865,0.38046897261960194,64.91812686920166,63.05768760681153,-12.494547382423498,0.6440101987338788,0.04909601592539064
2025-06-06,70.22043240589416,71.87347310157546,69.97875966017584,71.65113830566406,1741000,0.0,0.0,BXP,32.390804,1.74,9974.376448,3153.085952,225.995,1.032,79.33,53.36,Real Estate,REIT - Office,"BXP, Inc.",0.032168318209304436,0.03166175280019228,0.28693216852443076,0.3852833911910172,65.42950668334962,63.17751792907715,-9.679644137572087,0.7435197599193974,0.07237326497777535
2025-06-09,71.9604755381075,72.10547327809718,69.94975662389676,70.16242980957031,3455100,0.0,0.0,BXP,32.390804,1.74,9974.376448,3153.085952,225.995,1.032,79.33,53.36,Real Estate,REIT - Office,"BXP, Inc.",-0.0207771785807912,-0.02099606130774291,0.2952669636386652,0.3816373545107685,65.83406715393066,63.27900642395019,-11.556246300806361,0.677180052462385,0.16585858034959505
2025-06-10,70.47176614177668,70.95511157844831,68.72205064584446,70.46209716796875,2044200,0.0,0.0,BXP,32.390804,1.74,9974.376448,3153.085952,225.995,1.032,79.33,53.36,Real Estate,REIT - Office,"BXP, Inc.",0.004271051604281206,0.004261956551142523,0.2951838837832011,0.3790346766081963,66.13809127807617,63.39868263244629,-11.178498464680763,0.6905338050222254,0.08890949251452102
2025-06-11,70.7811065264205,71.73812842054998,70.21075507923133,70.54910278320312,1693600,0.0,0.0,BXP,32.390804,1.74,9974.376448,3153.085952,225.995,1.032,79.33,53.36,Real Estate,REIT - Office,"BXP, Inc.",0.0012347860584813741,0.0012340243371537019,0.28897684398633783,0.3669948385519591,66.47353324890136,63.51062553405762,-11.068822912891559,0.6944109422031516,0.06978811594993319
2025-06-12,70.50076489050998,71.15811497195884,70.25909217490769,71.0324478149414,806100,0.0,0.0,BXP,32.390804,1.74,9974.376448,3153.085952,225.995,1.032,79.33,53.36,Real Estate,REIT - Office,"BXP, Inc.",0.006851186091247685,0.0068278233633818205,0.2788960570384794,0.3670110969730555,66.82975902557374,63.63668205261231,-10.45953886935408,0.7159497243693405,0.02138474543917537
2025-06-13,70.43309715815872,71.1001162164598,69.11839698904511,69.69841003417969,1065600,0.0,0.0,BXP,32.390804,1.74,9974.376448,3153.085952,225.995,1.032,79.33,53.36,Real Estate,REIT - Office,"BXP, Inc.",-0.018780681530745524,-0.018959278176400432,0.28691419659153744,0.36924373970416635,67.07723140716553,63.71943077087403,-12.141169753964846,0.656502440804727,0.03553761828147583
2025-06-16,70.34609457206084,71.15811877502166,69.67908285653078,70.3944320678711,2143300,0.0,0.0,BXP,32.390804,1.74,9974.376448,3153.085952,225.995,1.032,79.33,53.36,Real Estate,REIT - Office,"BXP, Inc.",0.00998619672027079,0.009936664146185792,0.28648994266834743,0.3693804457838158,67.31793766021728,63.91702239990234,-11.26379419151507,0.6875185183107527,0.09431430830901802
2025-06-17,70.77143962956403,70.7811086036011,69.14739862885033,69.35040283203125,1669000,0.0,0.0,BXP,32.390804,1.74,9974.376448,3153.085952,225.995,1.032,79.33,53.36,Real Estate,REIT - Office,"BXP, Inc.",-0.014831133729912627,-0.014942214666182748,0.29059899730132366,0.3708420702987165,67.50354175567627,64.13588119506836,-12.579852726545756,0.6409945720419448,0.06844645632788852
2025-06-18,69.38907157135797,69.99809155808427,69.0797307785942,69.32140350341797,1775300,0.0,0.0,BXP,32.390804,1.74,9974.376448,3153.085952,225.995,1.032,79.33,53.36,Real Estate,REIT - Office,"BXP, Inc.",-0.0004181565993713887,-0.000418244051222083,0.28724280912963934,0.3694701348899437,67.70219707489014,64.39147422790528,-12.616408038046172,0.6397023063084565,0.07424395298737423
2025-06-20,69.49540966152773,70.26876534777618,68.96372670532362,69.08940124511719,3225600,0.0,0.0,BXP,32.390804,1.74,9974.376448,3153.085952,225.995,1.032,79.33,53.36,Real Estate,REIT - Office,"BXP, Inc.",-0.003346762277964266,-0.0033523752137770957,0.2879162938061111,0.3682683665760832,68.0154052734375,64.67394134521484,-12.908860147337464,0.6293638404600888,0.15334187777808078
2025-06-23,70.15275478486694,70.15275478486694,66.73066828618248,68.62538146972656,2169500,0.0,0.0,BXP,32.390804,1.74,9974.376448,3153.085952,225.995,1.032,79.33,53.36,Real Estate,REIT - Office,"BXP, Inc.",-0.006716222271841099,-0.006738877588382528,0.28749550116418615,0.3684852467075273,68.32281265258788,64.85567901611329,-13.493783600495949,0.6086862288024307,0.09574323034550462
2025-06-24,68.99273769664448,69.45674523554287,67.40736508408577,67.99703979492188,2004700,0.0,0.0,BXP,32.390804,1.74,9974.376448,3153.085952,225.995,1.032,79.33,53.36,Real Estate,REIT - Office,"BXP, Inc.",-0.009156111942078993,-0.009198286770721134,0.28918027069291985,0.3685370695875415,68.59976959228516,65.06216423034668,-14.285844201535514,0.5806861179688003,0.08675520165798588
2025-06-25,67.05934983697104,67.19468597183747,64.35261238910975,64.42028045654297,2886700,0.0,0.0,BXP,32.390804,1.74,9974.376448,3153.085952,225.995,1.032,79.33,53.36,Real Estate,REIT - Office,"BXP, Inc.",-0.05260169191432984,-0.05403567434412233,0.3135183095390268,0.38405308834036855,68.57801895141601,65.17816711425782,-18.79455381754321,0.42129885795463334,0.13485860761909957
2025-06-26,65.00996105473449,65.62864262196273,64.51694664560179,65.50297546386719,2988900,0.0,0.0,BXP,32.390804,1.74,9974.376448,3153.085952,225.995,1.032,79.33,53.36,Real Estate,REIT - Office,"BXP, Inc.",0.016806741598316854,0.016667071081903313,0.3160031099855653,0.385284703586173,68.5775360107422,65.27328948974609,-17.429754867178634,0.4695458252014257,0.1404324943415778
2025-06-27,66.04432253782142,66.92401480420624,65.61897617822731,66.31499481201172,1996900,0.0,0.0,BXP,32.390804,1.74,9974.376448,3153.085952,225.995,1.032,79.33,53.36,Real Estate,REIT - Office,"BXP, Inc.",0.012396678813353379,0.01232046917510789,0.31770981637923124,0.3859723043759725,68.5654525756836,65.37015190124512,-16.40615805872719,0.5057309656414046,0.08632979738758147
2025-06-30,66.45229662151486,66.64843381320603,65.38332872498151,66.16789245605469,1473100,0.98,0.0,BXP,32.390804,1.74,9974.376448,3153.085952,225.995,1.032,79.33,53.36,Real Estate,REIT - Office,"BXP, Inc.",-0.0022182367106268197,-0.002220700642075485,0.31589626360567047,0.38518083624688254,68.61948204040527,65.47412590026856,-16.591588987703656,0.499175802366638,0.057762264459654766
2025-07-01,65.63831473515957,68.55099774725339,65.21661302832183,66.80535125732422,1392900,0.0,0.0,BXP,32.390804,1.74,9974.376448,3153.085952,225.995,1.032,79.33,53.36,Real Estate,REIT - Office,"BXP, Inc.",0.009633959577795226,0.009587848904915213,0.31498009023204887,0.35013673444971005,68.69281806945801,65.5751885986328,-15.788035727563067,0.5275821898515493,0.05338823593575305
2025-07-02,66.69746914148185,67.18781958293515,66.15808066302162,66.95244598388672,1222200,0.0,0.0,BXP,32.390804,1.74,9974.376448,3153.085952,225.995,1.032,79.33,53.36,Real Estate,REIT - Office,"BXP, Inc.",0.002201840478256223,0.002199419979893391,0.315005997545808,0.3416757085157602,68.63865509033204,65.70452049255371,-15.60261441587455,0.5341370131458545,0.04407842709497969
2025-07-03,66.60920649639152,67.87431161534576,66.60920649639152,67.50164794921875,774300,0.0,0.0,BXP,32.390804,1.74,9974.376448,3153.085952,225.995,1.032,79.33,53.36,Real Estate,REIT - Office,"BXP, Inc.",0.008202866336865622,0.008169405686420293,0.31529470368907575,0.33421273952159575,68.57086753845215,65.81854248046875,-14.910313942747067,0.5586105066541825,0.01965040495214202
2025-07-07,67.17801989965415,67.25647777700597,65.68735764074432,66.03060150146484,1560600,0.0,0.0,BXP,32.390804,1.74,9974.376448,3153.085952,225.995,1.032,79.33,53.36,Real Estate,REIT - Office,"BXP, Inc.",-0.021792748657937455,-0.02203371796010884,0.3002168704469656,0.332027460671591,68.40149383544922,65.87684944152832,-16.76465208437559,0.49305785396513263,0.0625344277494478
2025-07-08,65.873683287689,67.32512403589547,65.64812625141631,66.98188018798828,1149900,0.0,0.0,BXP,32.390804,1.74,9974.376448,3153.085952,225.995,1.032,79.33,53.36,Real Estate,REIT - Office,"BXP, Inc.",0.014406633665185353,0.014303844175878678,0.30152327068270385,0.2883727690398942,68.16803092956543,65.93987518310547,-15.565510918960946,0.5354486577656382,0.04013525674238499
2025-07-09,67.24666289106739,68.33524152874273,67.22705216449273,67.69778442382812,1479800,0.0,0.0,BXP,32.390804,1.74,9974.376448,3153.085952,225.995,1.032,79.33,53.36,Real Estate,REIT - Office,"BXP, Inc.",0.010688028371712122,0.010631315140342164,0.30231699406063167,0.2802909553231615,68.04479866027832,66.02069900512696,-14.66307270411178,0.5673507243538713,0.05812767582013035
2025-07-10,67.63895193934988,69.22768283588545,67.54088333176148,68.92366790771484,1400900,0.0,0.0,BXP,32.390804,1.74,9974.376448,3153.085952,225.995,1.032,79.33,53.36,Real Estate,REIT - Office,"BXP, Inc.",0.01810817731067771,0.017946177031453108,0.28693657549273593,0.28066038699720575,67.96787719726562,66.11850021362305,-13.117776493489416,0.6219784448987716,0.05382454800796269
2025-07-11,67.9429629515988,69.66899877786351,67.9429629515988,69.40420532226562,1490500,0.0,0.0,BXP,32.390804,1.74,9974.376448,3153.085952,225.995,1.032,79.33,53.36,Real Estate,REIT - Office,"BXP, Inc.",0.006972023241627268,0.0069478310680945255,0.2863211045021607,0.2720478103519329,67.91063232421875,66.24756607055664,-12.512031611917779,0.6433921142551937,0.05871124321671075
2025-07-14,69.37478257196027,70.31625457882728,69.35517184525976,69.85533142089844,1605700,0.0,0.0,BXP,32.390804,1.74,9974.376448,3153.085952,225.995,1.032,79.33,53.36,Real Estate,REIT - Office,"BXP, Inc.",0.0064999821918296785,0.006478948404544216,0.28364758362161097,0.27145881206538575,67.85177650451661,66.41252853393554,-11.943361375395892,0.6634951589332161,0.06499413705652968
2025-07-15,70.16915741652502,70.27703512182839,68.5215794871654,68.57061004638672,1042100,0.0,0.0,BXP,32.390804,1.74,9974.376448,3153.085952,225.995,1.032,79.33,53.36,Real Estate,REIT - Office,"BXP, Inc.",-0.01839117141640778,-0.018562391551317618,0.2811452039729001,0.273934659687574,67.79538650512696,66.5411629486084,-13.56282611069366,0.6062455090705937,0.03425595156935998
2025-07-16,68.86482579126589,69.75725981539368,67.88412478593804,68.74713897705078,1654400,0.0,0.0,BXP,32.390804,1.74,9974.376448,3153.085952,225.995,1.032,79.33,53.36,Real Estate,REIT - Office,"BXP, Inc.",0.0025744109691403505,0.0025711028496443688,0.2810916014011667,0.2730225739236613,67.71302185058593,66.6584408569336,-13.34030130209154,0.6141119769846827,0.06765018679610592
2025-07-17,68.61964569807861,68.86482093211082,67.00148765703518,67.69778442382812,1366500,0.0,0.0,BXP,32.390804,1.74,9974.376448,3153.085952,225.995,1.032,79.33,53.36,Real Estate,REIT - Office,"BXP, Inc.",-0.015263974164407834,-0.015381667802418524,0.25907849379811426,0.27138823570120824,67.63039093017578,66.76072509765625,-14.66307270411178,0.5673507243538713,0.05194840609746121
2025-07-18,68.04103309166103,68.21755957199858,67.47223219471107,67.61933135986328,1369000,0.0,0.0,BXP,32.390804,1.74,9974.376448,3153.085952,225.995,1.032,79.33,53.36,Real Estate,REIT - Office,"BXP, Inc.",-0.0011588719576652862,-0.0011595439690059862,0.2565285044735028,0.2683241018186492,67.54528732299805,66.87613403320313,-14.761967276108305,0.5638547052700881,0.05208475362002672
2025-07-21,68.10968022420639,68.35485546976818,67.39377269717257,67.67817687988281,873900,0.0,0.0,BXP,32.390804,1.74,9974.376448,3153.085952,225.995,1.032,79.33,53.36,Real Estate,REIT - Office,"BXP, Inc.",0.000870246996474533,0.0008698685511018138,0.25526794083583626,0.26518786427152313,67.47472610473633,66.9913665008545,-14.687789134144946,0.5664769745682715,0.025082490251152136
2025-07-22,68.06064501094691,69.88474931178149,67.82527888630335,69.74745178222656,848700,0.0,0.0,BXP,32.390804,1.74,9974.376448,3153.085952,225.995,1.032,79.33,53.36,Real Estate,REIT - Office,"BXP, Inc.",0.030575216380552828,0.030117108864784057,0.25352017670091526,0.2711614577065385,67.53082962036133,67.15784469604492,-12.07934982701807,0.6586878352101104,0.023708107223691745
2025-07-23,70.10051179253617,70.64970196624067,69.54151251368552,70.11031341552734,1055800,0.0,0.0,BXP,32.390804,1.74,9974.376448,3153.085952,225.995,1.032,79.33,53.36,Real Estate,REIT - Office,"BXP, Inc.",0.005202507389570954,0.005189021102783267,0.2467988776185306,0.2711052405363447,67.6364933013916,67.31862655639648,-11.621941994797245,0.6748576459310883,0.035003135993019005
2025-07-24,69.48266408510871,70.06128156359362,69.0903821901934,69.37478637695312,1175100,0.0,0.0,BXP,32.390804,1.74,9974.376448,3153.085952,225.995,1.032,79.33,53.36,Real Estate,REIT - Office,"BXP, Inc.",-0.010490996299145405,-0.010546414738009395,0.24833131974497363,0.272112357900402,67.88421859741212,67.41848999023438,-12.549115874255481,0.6420811495963327,0.04150963976984538
2025-07-25,69.58072775540334,70.65950476047972,69.19825499256874,70.4143295288086,1540300,0.0,0.0,BXP,32.390804,1.74,9974.376448,3153.085952,225.995,1.032,79.33,53.36,Real Estate,REIT - Office,"BXP, Inc.",0.014984451933401699,0.014873294084209343,0.25228314243416516,0.2707530613635197,68.12978630065918,67.54997131347656,-11.238712304539776,0.6884051873538828,0.06142728586621581
2025-07-28,70.14953560651823,70.22799347583084,68.16852304037727,68.25678253173828,1287200,0.0,0.0,BXP,32.390804,1.74,9974.376448,3153.085952,225.995,1.032,79.33,53.36,Real Estate,REIT - Office,"BXP, Inc.",-0.030640737638318316,-0.03111998001310672,0.2665127537049177,0.27481785027394506,68.22687568664551,67.63694831848144,-13.958423633255663,0.592260752774538,0.047623462681683076
2025-07-29,68.47254206779331,69.32575461326472,68.02142051522425,69.07077026367188,2058900,0.0,0.0,BXP,32.390804,1.74,9974.376448,3153.085952,225.995,1.032,79.33,53.36,Real Estate,REIT - Office,"BXP, Inc.",0.011925375057857401,0.01185482808493608,0.2637456641690299,0.27524734046563354,68.37201957702636,67.723384475708,-12.932345564512952,0.6285336081735383,0.08971121594720624
2025-07-30,68.42350206261199,69.04134845035236,64.4222478687653,65.14796447753906,3158500,0.0,0.0,BXP,32.390804,1.74,9974.376448,3153.085952,225.995,1.032,79.33,53.36,Real Estate,REIT - Office,"BXP, Inc.",-0.05679400665661949,-0.05847057551349354,0.30860874365041585,0.29951962289775386,68.28915023803711,67.71473762512207,-17.877266510098245,0.45372585437514906,0.14968231027242235
2025-07-31,64.5595487428458,65.50102080669531,64.03977840904757,64.16726684570312,4179700,0.0,0.0,BXP,32.390804,1.74,9974.376448,3153.085952,225.995,1.032,79.33,53.36,Real Estate,REIT - Office,"BXP, Inc.",-0.015053388692966019,-0.015167840997761636,0.30868724943024245,0.30106922448768675,68.14989128112794,67.6853165435791,-19.11349193785059,0.41002408591578243,0.20537754628998392
2025-08-01,65.06950655581498,65.06950655581498,62.048949574258536,63.37289810180664,2711900,0.0,0.0,BXP,32.390804,1.74,9974.376448,3153.085952,225.995,1.032,79.33,53.36,Real Estate,REIT - Office,"BXP, Inc.",-0.012379656839781372,-0.012456923140617098,0.30996406253900033,0.30118411093829744,67.94345378875732,67.64580856323242,-20.114839150628207,0.374625490273074,0.12532518884131874
2025-08-04,63.57884139773043,64.90278612160994,63.21597936969953,64.47127532958984,2056300,0.0,0.0,BXP,32.390804,1.74,9974.376448,3153.085952,225.995,1.032,79.33,53.36,Real Estate,REIT - Office,"BXP, Inc.",0.01733197093209604,0.01718348556456987,0.3153927927229711,0.303133669396563,67.86548748016358,67.67872932434082,-18.73027186488107,0.42357128735811556,0.08956941452373811
2025-08-05,64.61838688326453,65.26565312059364,63.8828611492931,64.82433319091797,2195200,0.0,0.0,BXP,32.390804,1.74,9974.376448,3153.085952,225.995,1.032,79.33,53.36,Real Estate,REIT - Office,"BXP, Inc.",0.005476204085047565,0.005461264197222092,0.31582449785827776,0.3027149379976077,67.75761013031006,67.7256713104248,-18.28522224767683,0.4393042231862935,0.09714488287747812
2025-08-06,64.97143700496905,65.157772577084,64.34378900454999,64.7458724975586,1537500,0.0,0.0,BXP,32.390804,1.74,9974.376448,3153.085952,225.995,1.032,79.33,53.36,Real Estate,REIT - Office,"BXP, Inc.",-0.00121035866467456,-0.0012110917403057994,0.31503366181592407,0.30210292098814484,67.61001453399658,67.77143074035645,-18.384126436961306,0.4358078641220489,0.061274576640942435
2025-08-07,65.18719439654265,65.26565226952697,63.941699979919036,64.42224884033203,1255100,0.0,0.0,BXP,32.390804,1.74,9974.376448,3153.085952,225.995,1.032,79.33,53.36,Real Estate,REIT - Office,"BXP, Inc.",-0.004998367382241464,-0.0050109010030225535,0.2755954011232454,0.29265482567602724,67.38494358062744,67.76276985168457,-18.79207255725194,0.42138657291365467,0.04587276049194186
2025-08-08,64.28495019745162,64.64780475998946,61.81357961605586,62.029335021972656,2107600,0.0,0.0,BXP,32.390804,1.74,9974.376448,3153.085952,225.995,1.032,79.33,53.36,Real Estate,REIT - Office,"BXP, Inc.",-0.03714421432710491,-0.03785163367062729,0.29117655297207307,0.3020314083400569,67.0162000656128,67.69310386657715,-21.808477219245358,0.3147537411024988,0.09236726568678247
2025-08-11,61.78416208464881,62.54910765617114,60.793655735397536,60.911338806152344,1535100,0.0,0.0,BXP,32.390804,1.74,9974.376448,3153.085952,225.995,1.032,79.33,53.36,Real Estate,REIT - Office,"BXP, Inc.",-0.018023669211096438,-0.018188073984444386,0.2917723510841225,0.3041888834621895,66.56900043487549,67.58019737243653,-23.21777536095759,0.26493368426116554,0.06114368301927954
2025-08-12,61.61744176231403,62.45103606361684,61.03882805894992,62.441226959228516,2294100,0.0,0.0,BXP,32.390804,1.74,9974.376448,3153.085952,225.995,1.032,79.33,53.36,Real Estate,REIT - Office,"BXP, Inc.",0.02511663974329914,0.024806400987737613,0.3026864681163226,0.3074712302766328,66.26253128051758,67.52727584838867,-21.289263886009685,0.3331084362581682,0.10253879087016989
2025-08-13,62.49026211544886,64.44185479802616,62.44122407792442,64.23590850830078,1183300,0.0,0.0,BXP,32.390804,1.74,9974.376448,3153.085952,225.995,1.032,79.33,53.36,Real Estate,REIT - Office,"BXP, Inc.",0.028741932797766934,0.028336631226528925,0.31379496139911794,0.3120924943070065,66.03696975708007,67.5052214050293,-19.0269651981586,0.41308289012630445,0.04195685964386027
2025-08-14,63.36309227883512,64.18687752831428,62.72563513169728,63.95151138305664,1105600,0.0,0.0,BXP,32.390804,1.74,9974.376448,3153.085952,225.995,1.032,79.33,53.36,Real Estate,REIT - Office,"BXP, Inc.",-0.004427385427379638,-0.004437215322794698,0.3137741852927155,0.31220686748191123,65.8496561050415,67.4235375213623,-19.385464032450976,0.40040960845980184,0.03771917864252407
2025-08-15,64.18687987028733,64.4124444009157,63.30425492282832,64.17707824707031,937200,0.0,0.0,BXP,32.390804,1.74,9974.376448,3153.085952,225.995,1.032,79.33,53.36,Real Estate,REIT - Office,"BXP, Inc.",0.0035271545446764474,0.0035209487233981043,0.3128301666769235,0.31217753915223106,65.67754344940185,67.32993110656739,-19.101124105546056,0.41046130078904364,0.028534809522510977
2025-08-18,64.39282389367783,64.67722056688537,63.706328782826326,63.90247344970703,1156000,0.0,0.0,BXP,32.390804,1.74,9974.376448,3153.085952,225.995,1.032,79.33,53.36,Real Estate,REIT - Office,"BXP, Inc.",-0.0042788610024611096,-0.004288041525681474,0.30701833415045127,0.30185141356470413,65.48875827789307,67.21961906433106,-19.447279150753772,0.39822438404464894,0.04046794469744485
2025-08-19,64.3339810028546,65.60889523426931,64.17707274113765,65.57947540283203,1306300,0.0,0.0,BXP,32.390804,1.74,9974.376448,3153.085952,225.995,1.032,79.33,53.36,Real Estate,REIT - Office,"BXP, Inc.",0.026243146197538758,0.02590470327015464,0.3139866296021587,0.30614918833680194,65.28035945892334,67.09818580627442,-17.333322320897476,0.47295480928711026,0.04866515775408361
2025-08-20,65.7069637203514,65.90310091769962,64.7949115365887,65.14796447753906,1188500,0.0,0.0,BXP,32.390804,1.74,9974.376448,3153.085952,225.995,1.032,79.33,53.36,Real Estate,REIT - Office,"BXP, Inc.",-0.006579969154104193,-0.0066017125843567635,0.31261889001064097,0.3065325279588388,65.03224201202393,66.99789649963378,-17.877266510098245,0.45372585437514906,0.04224046249079654
2025-08-21,64.57916141699155,65.2362293122689,64.3536043697913,65.1381607055664,1031000,0.0,0.0,BXP,32.390804,1.74,9974.376448,3153.085952,225.995,1.032,79.33,53.36,Real Estate,REIT - Office,"BXP, Inc.",-0.00015048470126854951,-0.00015049602522727675,0.3073094133786661,0.29640491866029245,64.82041072845459,66.89141777038574,-17.889624725114828,0.45328897948234914,0.0336505685691691
2025-08-22,65.34410114075317,68.51176847889964,65.27545237402698,68.0312271118164,1286900,0.0,0.0,BXP,32.390804,1.74,9974.376448,3153.085952,225.995,1.032,79.33,53.36,Real Estate,REIT - Office,"BXP, Inc.",0.044414309137881025,0.04345625857039174,0.33445046865992917,0.30933324386318023,64.70125560760498,66.841060256958,-14.242749134228655,0.5822095704159882,0.04760710097897521
2025-08-25,67.81547291319129,68.6294565061016,67.41338192796287,68.33524322509766,1128400,0.0,0.0,BXP,32.390804,1.74,9974.376448,3153.085952,225.995,1.032,79.33,53.36,Real Estate,REIT - Office,"BXP, Inc.",0.00446877303538229,0.004458817716848836,0.3341353443695802,0.30782830497826524,64.70517864227295,66.78711616516114,-13.859519443971186,0.5957571118387827,0.03896266804832156
2025-08-26,68.29600736814913,68.8746247669157,67.75661890168485,68.13909912109375,2430100,0.0,0.0,BXP,32.390804,1.74,9974.376448,3153.085952,225.995,1.032,79.33,53.36,Real Estate,REIT - Office,"BXP, Inc.",-0.002870321297574141,-0.00287444856937254,0.32992236401580194,0.3042742622238504,64.65859508514404,66.75592994689941,-14.106770299894428,0.5870165541586325,0.10995609609773391
2025-08-27,68.1391023643147,69.82590164067723,68.01160645772538,69.67880249023438,1120500,0.0,0.0,BXP,32.390804,1.74,9974.376448,3153.085952,225.995,1.032,79.33,53.36,Real Estate,REIT - Office,"BXP, Inc.",0.022596473816073326,0.022344955404416736,0.3363214983603864,0.30744701212756975,64.88513698577881,66.74161735534668,-12.165886183998014,0.6556286910191271,0.03853180987701454
2025-08-28,69.91417864135894,70.4339489998889,68.98250815604499,70.2868423461914,1303700,0.0,0.0,BXP,32.390804,1.74,9974.376448,3153.085952,225.995,1.032,79.33,53.36,Real Estate,REIT - Office,"BXP, Inc.",0.008726324710334188,0.008688470398800854,0.3336232504085872,0.29638756601948946,65.19111576080323,66.76034614562988,-11.399417186195123,0.6827241138451773,0.048523356330615476
2025-08-29,70.19857406047501,71.24792375173494,70.1299252949591,71.11062622070312,1088000,0.0,0.0,BXP,32.390804,1.74,9974.376448,3153.085952,225.995,1.032,79.33,53.36,Real Estate,REIT - Office,"BXP, Inc.",0.01172031417280417,0.011652163273752594,0.33482851783071615,0.2963299989811965,65.57800216674805,66.79613059997558,-10.360990519723778,0.7194335041565161,0.03675929208366284
2025-09-02,70.139732539018,71.20870052448086,69.80629778897308,71.00275421142578,1486000,0.0,0.0,BXP,32.390804,1.74,9974.376448,3153.085952,225.995,1.032,79.33,53.36,Real Estate,REIT - Office,"BXP, Inc.",-0.0015169604742693021,-0.001518112223729183,0.3349635211329255,0.29595610289141505,65.90457611083984,66.83439765930176,-10.496969354058008,0.7146265204138719,0.058465817676092824
2025-09-03,70.77718806907983,72.47380405994063,70.68892857214175,72.35611724853516,1364000,0.0,0.0,BXP,32.390804,1.74,9974.376448,3153.085952,225.995,1.032,79.33,53.36,Real Estate,REIT - Office,"BXP, Inc.",0.019060711829282706,0.018881332278619975,0.32796221520553487,0.2911548455649897,66.2811653137207,66.90901237487793,-8.79097787906825,0.7749349744870162,0.051812058574895695
2025-09-04,72.77781628061123,74.15079910098576,72.46399227728172,73.83697509765625,2322200,0.0,0.0,BXP,32.390804,1.74,9974.376448,3153.085952,225.995,1.032,79.33,53.36,Real Estate,REIT - Office,"BXP, Inc.",0.020466242598873974,0.020259623444662447,0.3324399571888015,0.290652701025832,66.73572044372558,67.02581108093261,-6.924271905135193,0.8409248420493274,0.10407133702380628
2025-09-05,74.57249728375191,75.9258618312671,74.21944436141682,75.34725189208984,2049900,0.0,0.0,BXP,32.390804,1.74,9974.376448,3153.085952,225.995,1.032,79.33,53.36,Real Estate,REIT - Office,"BXP, Inc.",0.020454207291619397,0.02024782944528794,0.3344757324995935,0.293306554397898,67.28197059631347,67.24435050964355,-5.0204816688644325,0.9082256742704997,0.08922036486597039
2025-09-08,73.55256928590418,74.6411479099079,71.90499143461376,74.32732391357422,3498700,0.0,0.0,BXP,32.390804,1.74,9974.376448,3153.085952,225.995,1.032,79.33,53.36,Real Estate,REIT - Office,"BXP, Inc.",-0.01353636599747976,-0.013628817855795509,0.3357872483850984,0.2948757884230981,67.89687004089356,67.4208374786377,-6.3061591912590185,0.8627757262790108,0.16823648114313763
2025-09-09,73.55257532630678,73.55257532630678,70.62028141830137,71.00275421142578,3222900,0.0,0.0,BXP,32.390804,1.74,9974.376448,3153.085952,225.995,1.032,79.33,53.36,Real Estate,REIT - Office,"BXP, Inc.",-0.04472876900578526,-0.045759967312774874,0.3498820384105844,0.30913708190530303,68.40144081115723,67.51459266662597,-10.496969354058008,0.7146265204138719,0.15319462245371002
2025-09-10,69.81610287424824,72.89550325203592,69.81610287424824,72.44438171386719,2389100,0.0,0.0,BXP,32.390804,1.74,9974.376448,3153.085952,225.995,1.032,79.33,53.36,Real Estate,REIT - Office,"BXP, Inc.",0.02030382509034312,0.020100450678023747,0.352870386483641,0.309274507273941,68.90159854888915,67.64012245178223,-8.679715474767189,0.7788682084440607,0.10771999672765946
2025-09-11,72.53263954809924,75.12168939270333,72.21881555124281,74.75883483886719,1508300,0.0,0.0,BXP,32.390804,1.74,9974.376448,3153.085952,225.995,1.032,79.33,53.36,Real Estate,REIT - Office,"BXP, Inc.",0.03194800024854061,0.03144827843382022,0.3166252264764799,0.3152676834500913,69.42774486541748,67.79919212341309,-5.762215002058251,0.882004681190972,0.059682037577377216
2025-09-12,74.79805691106998,76.41621494788775,74.5823089906947,75.69049835205078,2141900,0.0,0.0,BXP,32.390804,1.74,9974.376448,3153.085952,225.995,1.032,79.33,53.36,Real Estate,REIT - Office,"BXP, Inc.",0.012462252992461398,0.01238523830850373,0.31164424834687865,0.3143008731351272,70.01469421386719,67.97395317077637,-4.587799883964726,0.9235213952254164,0.09423795369638134
2025-09-15,76.19065503160272,76.43583025568984,74.80786317631741,76.30833435058594,2099900,0.0,0.0,BXP,32.390804,1.74,9974.376448,3153.085952,225.995,1.032,79.33,53.36,Real Estate,REIT - Office,"BXP, Inc.",0.008162662579674018,0.00812952823699917,0.3069359034351903,0.31455114369430914,70.62125701904297,68.1500868988037,-3.808982288433204,0.9510533529638052,0.09194731531728069
2025-09-16,76.44564037446067,77.69113484126663,76.16124366720439,77.40673065185547,2682900,0.0,0.0,BXP,32.390804,1.74,9974.376448,3153.085952,225.995,1.032,79.33,53.36,Real Estate,REIT - Office,"BXP, Inc.",0.014394185256660696,0.014291572484731166,0.30614306988633205,0.3154121899903648,71.2964698791504,68.37760948181152,-2.4243909594661917,1.0,0.12374355757955878
2025-09-17,77.4165327077813,77.79900546647096,74.8667043403113,74.95497131347656,1667700,0.0,0.0,BXP,32.390804,1.74,9974.376448,3153.085952,225.995,1.032,79.33,53.36,Real Estate,REIT - Office,"BXP, Inc.",-0.0316737229144316,-0.03218618539364083,0.3253375379398466,0.3224575737618743,71.76524467468262,68.53707130432129,-5.5149737634229625,0.8907448988906608,0.06837555561615445
2025-09-18,74.98439137646449,76.67119815445974,74.768635977118,76.24949645996094,1480000,0.0,0.0,BXP,32.390804,1.74,9974.376448,3153.085952,225.995,1.032,79.33,53.36,Real Estate,REIT - Office,"BXP, Inc.",0.01727070431486677,0.017123260914329152,0.3266511634474225,0.3232130194802559,72.32032127380371,68.70810554504395,-3.8831508131086108,0.948431423646083,0.05813858362193559
2025-09-19,76.52409362772256,76.72023830623698,74.64114960691079,74.96478271484375,6244800,0.0,0.0,BXP,32.390804,1.74,9974.376448,3153.085952,225.995,1.032,79.33,53.36,Real Estate,REIT - Office,"BXP, Inc.",-0.01684881612027167,-0.016992372207303378,0.33178024957163665,0.3051615235856367,72.81165237426758,68.82892784118653,-5.502605931118428,0.891182113763922,0.3180060538300019
2025-09-22,74.17041245281004,74.91574729290463,73.58199336101103,74.18022155761719,1453900,0.0,0.0,BXP,32.390804,1.74,9974.376448,3153.085952,225.995,1.032,79.33,53.36,Real Estate,REIT - Office,"BXP, Inc.",-0.010465729757544007,-0.010520880640867166,0.31046447789003767,0.3048999121750568,73.11910209655761,68.92444816589355,-6.491590120235485,0.8562205630042441,0.056715115486351615
2025-09-23,74.58230696379165,75.77875578521919,74.40578050126068,74.7196044921875,1105000,0.0,0.0,BXP,32.390804,1.74,9974.376448,3153.085952,225.995,1.032,79.33,53.36,Real Estate,REIT - Office,"BXP, Inc.",0.0072712499807157105,0.007244941894048462,0.3018755659982228,0.3043524161897353,73.43832015991211,69.02173362731934,-5.811667096700489,0.8802565016588496,0.03768645523710834
2025-09-24,73.79774632576301,74.76863816913193,73.40546445019186,74.00369262695312,2856200,0.0,0.0,BXP,32.390804,1.74,9974.376448,3153.085952,225.995,1.032,79.33,53.36,Real Estate,REIT - Office,"BXP, Inc.",-0.00958131229547965,-0.009627508384383279,0.30053729879736946,0.30517909637003665,73.73154983520507,69.13039527893066,-6.714114928837607,0.8483540950901551,0.13319516784380028
2025-09-25,73.35643425045853,74.03311281991624,72.31688615279332,73.90562438964844,5472200,0.0,0.0,BXP,32.390804,1.74,9974.376448,3153.085952,225.995,1.032,79.33,53.36,Real Estate,REIT - Office,"BXP, Inc.",-0.0013251803230825976,-0.0013260591510163974,0.29318208502107945,0.30484213578886205,73.94289093017578,69.23356498718262,-6.83773554815525,0.8439839862403108,0.2758692154563552
2025-09-26,73.90562464113789,74.08215111250027,72.58167984699736,73.37604522705078,2563300,0.0,0.0,BXP,32.390804,1.74,9974.376448,3153.085952,225.995,1.032,79.33,53.36,Real Estate,REIT - Office,"BXP, Inc.",-0.007165613807760929,-0.007191410123205991,0.2940411959328241,0.3054022119135119,74.09735107421875,69.34713020324708,-7.505300356673664,0.8203849224785051,0.11722069210002455
2025-09-29,74.07233641200344,74.19983231522765,72.87588013895306,73.9154281616211,1982700,0.0,0.0,BXP,32.390804,1.74,9974.376448,3153.085952,225.995,1.032,79.33,53.36,Real Estate,REIT - Office,"BXP, Inc.",0.0073509403907130455,0.007324053908618506,0.29411083901642554,0.3053298492418271,74.23759117126465,69.47305213928223,-6.825377333138667,0.8444208611331107,0.08555534345940934
2025-09-30,74.0936087327577,74.44007032964814,72.28209981606379,73.58876037597656,2480900,0.7,0.0,BXP,32.390804,1.74,9974.376448,3153.085952,225.995,1.032,79.33,53.36,Real Estate,REIT - Office,"BXP, Inc.",-0.0044194803949487715,-0.0044292751676200705,0.29414919757376307,0.301675168292965,74.36689147949218,69.59126380920411,-7.237160751321614,0.8298639177206486,0.11272667775626517
2025-10-01,74.23219776209898,75.5982572139168,73.26210523342804,75.54875946044922,1844000,0.0,0.0,BXP,32.390804,1.74,9974.376448,3153.085952,225.995,1.032,79.33,53.36,Real Estate,REIT - Office,"BXP, Inc.",0.0266344897571138,0.026285966680561063,0.2943982370155706,0.3048495120763174,74.52652359008789,69.70728996276856,-4.766469859511887,0.9172052382149598,0.07799078290747458
2025-10-02,75.59825402448142,75.59825402448142,73.98472097799322,74.84593200683594,1465700,0.0,0.0,BXP,32.390804,1.74,9974.376448,3153.085952,225.995,1.032,79.33,53.36,Real Estate,REIT - Office,"BXP, Inc.",-0.00930296484856541,-0.009346507688124572,0.29542449686513067,0.30522216489966664,74.57697143554688,69.80200233459473,-5.6524240428136405,0.885885898137434,0.057358675792860844
2025-10-03,75.36067388061662,75.58835296374625,74.61825292370631,74.84593200683594,1509900,0.0,0.0,BXP,32.390804,1.74,9974.376448,3153.085952,225.995,1.032,79.33,53.36,Real Estate,REIT - Office,"BXP, Inc.",0.0,0.0,0.2954028876156534,0.3033545257788259,74.55190544128418,69.91142524719238,-5.6524240428136405,0.885885898137434,0.059769299991819146
2025-10-06,74.63805863980691,75.172602660802,73.76694650827555,73.85604095458984,1015700,0.0,0.0,BXP,32.390804,1.74,9974.376448,3153.085952,225.995,1.032,79.33,53.36,Real Estate,REIT - Office,"BXP, Inc.",-0.013225716157234668,-0.013313954817737976,0.27476614264985033,0.30463550584335963,74.52834129333496,69.98025947570801,-6.90023830254652,0.8417744532221734,0.03281612173106815
2025-10-07,74.14310659867719,74.26188911648369,72.82654497614836,73.02452087402344,2118700,0.0,0.0,BXP,32.390804,1.74,9974.376448,3153.085952,225.995,1.032,79.33,53.36,Real Estate,REIT - Office,"BXP, Inc.",-0.011258660358976824,-0.01132251883519594,0.27774453749283046,0.3054933421456698,74.62942962646484,70.07561424255371,-7.948416898999825,0.8047203227230532,0.09297264868697336
2025-10-08,73.13340869766454,73.20270101602685,72.10391743035554,72.29199981689453,2479300,0.0,0.0,BXP,32.390804,1.74,9974.376448,3153.085952,225.995,1.032,79.33,53.36,Real Estate,REIT - Office,"BXP, Inc.",-0.010031165536746212,-0.010081816689165437,0.2796857238872312,0.303711086224726,74.6218105316162,70.14003883361816,-8.871801567005505,0.7720777786900587,0.11263941534182324
2025-10-09,72.30190265333759,72.37119497340201,70.53989146973117,70.72796630859375,1309900,0.0,0.0,BXP,32.390804,1.74,9974.376448,3153.085952,225.995,1.032,79.33,53.36,Real Estate,REIT - Office,"BXP, Inc.",-0.021634945945087414,-0.02187241268888843,0.2809290995319003,0.30722837006222053,74.42026710510254,70.25163887023926,-10.843355214176539,0.7023814441384054,0.04886149818657795
2025-10-10,70.95564470707976,71.13382603585825,68.7085873046532,68.78777313232422,1541800,0.0,0.0,BXP,32.390804,1.74,9974.376448,3153.085952,225.995,1.032,79.33,53.36,Real Estate,REIT - Office,"BXP, Inc.",-0.027431768189180805,-0.027815044705662432,0.291253194621397,0.3109117744272889,74.07513084411622,70.34404899597168,-13.28907962646638,0.6159227129216884,0.061509094379755117
2025-10-13,69.718276218879,70.09443344394523,69.07484322544498,69.39160919189453,1847600,0.0,0.0,BXP,32.390804,1.74,9974.376448,3153.085952,225.995,1.032,79.33,53.36,Real Estate,REIT - Office,"BXP, Inc.",0.008778246948171198,0.008739942141247306,0.29029895953093054,0.31135798748018556,73.72929458618164,70.46442321777344,-12.527909754324302,0.6428308065135496,0.07818712333996891
2025-10-14,68.87687147613961,69.87665963377512,68.73828682949119,69.81726837158203,2539900,0.0,0.0,BXP,32.390804,1.74,9974.376448,3153.085952,225.995,1.032,79.33,53.36,Real Estate,REIT - Office,"BXP, Inc.",0.006134159225366753,0.006115421856958171,0.290947305447076,0.31156276905897123,73.34982147216797,70.57134307861328,-11.991342024981682,0.6617989964116762,0.11594447928881133
2025-10-15,69.96574987225372,71.90594236096284,69.81726417340276,71.00514221191406,2067400,0.0,0.0,BXP,32.390804,1.74,9974.376448,3153.085952,225.995,1.032,79.33,53.36,Real Estate,REIT - Office,"BXP, Inc.",0.017014040624017568,0.016870922894443127,0.2898161171637855,0.30721970458407594,73.15233001708984,70.6949592590332,-10.493959142929455,0.7147329342982659,0.09017479752392898
2025-10-16,71.07443543363036,71.36149822214549,69.29262212938474,69.67868041992188,2237000,0.0,0.0,BXP,32.390804,1.74,9974.376448,3153.085952,225.995,1.032,79.33,53.36,Real Estate,REIT - Office,"BXP, Inc.",-0.018681207454431692,-0.01885790529009497,0.28744580351052357,0.3095430667963448,72.82378921508788,70.79361541748047,-12.166040060605225,0.6556232513317459,0.09942461345477353
2025-10-17,69.9558530071305,70.64878379255948,69.40151442062476,70.34191131591797,1403900,0.0,0.0,BXP,32.390804,1.74,9974.376448,3153.085952,225.995,1.032,79.33,53.36,Real Estate,REIT - Office,"BXP, Inc.",0.009518419292660285,0.009473404560377251,0.2817899902186305,0.30933919301007556,72.5926456451416,70.9120086669922,-11.329999601767339,0.685178092815006,0.053988165035041315
2025-10-20,70.58938062573435,71.12392460931932,69.9162520040677,69.95584869384766,905800,0.0,0.0,BXP,32.390804,1.74,9974.376448,3153.085952,225.995,1.032,79.33,53.36,Real Estate,REIT - Office,"BXP, Inc.",-0.005488372647942996,-0.0055034891002911255,0.27991973936928566,0.30806451211979397,72.38142700195313,71.07053894042969,-11.81665360664609,0.6679744015111452,0.026822284639088107
2025-10-21,69.95584795696634,71.58917551977743,69.81726332034444,71.24271392822266,1938500,0.0,0.0,BXP,32.390804,1.74,9974.376448,3153.085952,225.995,1.032,79.33,53.36,Real Estate,REIT - Office,"BXP, Inc.",0.0183953916420454,0.018228243154636635,0.25456803621159285,0.3035382190263555,72.20758247375488,71.27716644287109,-10.19448641343419,0.7253195858833993,0.08314471926045104
2025-10-22,71.47038677653768,72.57907144236094,71.22291312765452,72.46028137207031,1505300,0.0,0.0,BXP,32.390804,1.74,9974.376448,3153.085952,225.995,1.032,79.33,53.36,Real Estate,REIT - Office,"BXP, Inc.",0.017090413555474138,0.016946015332626952,0.2525290928636372,0.30452288779739956,72.13041191101074,71.47754753112793,-8.659673046678035,0.7795767277254576,0.0595184205502986
2025-10-23,72.6384627950802,73.28189579346589,71.44069123921585,72.98493194580078,1333900,0.0,0.0,BXP,32.390804,1.74,9974.376448,3153.085952,225.995,1.032,79.33,53.36,Real Estate,REIT - Office,"BXP, Inc.",0.007240526310358764,0.007214439545319686,0.2350235130149872,0.27991563434050765,72.08437728881836,71.65252799987793,-7.998321006175743,0.8029561641092486,0.05017043440320689
2025-10-24,73.57886747545224,74.2024983550061,73.21260375440201,73.43038177490234,1350400,0.0,0.0,BXP,32.390804,1.74,9974.376448,3153.085952,225.995,1.032,79.33,53.36,Real Estate,REIT - Office,"BXP, Inc.",0.006103312248511239,0.00608476247674562,0.23264087362956112,0.27774448503271637,72.08709411621093,71.84210540771484,-7.43680603188914,0.8228062633240467,0.05107032805213929
2025-10-27,73.1532169220618,73.90553897869164,72.76715860864711,73.77684783935547,1586000,0.0,0.0,BXP,32.390804,1.74,9974.376448,3153.085952,225.995,1.032,79.33,53.36,Real Estate,REIT - Office,"BXP, Inc.",0.004718293110816285,0.004707196855776287,0.23168638731601954,0.2760635120960059,72.08016510009766,72.03410079956055,-7.000065751474259,0.8382454560336418,0.06391971857871342
2025-10-28,73.99461975256418,74.0144143211264,72.69786027129418,73.3412857055664,1913100,0.0,0.0,BXP,32.390804,1.74,9974.376448,3153.085952,225.995,1.032,79.33,53.36,Real Estate,REIT - Office,"BXP, Inc.",-0.005903778035319052,-0.005921274229280743,0.22737991564203464,0.2749027187516758,72.06779136657715,72.22287704467773,-7.549116720576821,0.818835971496718,0.0817594284311854
2025-10-29,72.31180578957779,73.12351908461528,69.27282957558774,69.64898681640625,3187100,0.0,0.0,BXP,32.390804,1.74,9974.376448,3153.085952,225.995,1.032,79.33,53.36,Real Estate,REIT - Office,"BXP, Inc.",-0.05034407092320614,-0.05165553990970235,0.25368564212852496,0.2951998723800987,71.772802734375,72.30426727294922,-12.20347054530915,0.6543000473762773,0.15124212593057185
2025-10-30,70.11423632798386,71.02493754739936,69.04514834747185,69.71827697753906,2219200,0.0,0.0,BXP,32.390804,1.74,9974.376448,3153.085952,225.995,1.032,79.33,53.36,Real Estate,REIT - Office,"BXP, Inc.",0.0009948480846599939,0.0009943535512674396,0.24706317705925315,0.29515219620423155,71.51641998291015,72.39567352294922,-12.116126336141354,0.6573877499260118,0.09845381909410705
2025-10-31,69.43121151891195,70.73787218064223,69.12434658808269,70.4706039428711,2345100,0.0,0.0,BXP,32.390804,1.74,9974.376448,3153.085952,225.995,1.032,79.33,53.36,Real Estate,REIT - Office,"BXP, Inc.",0.010790957521431555,0.01073315062864224,0.24645245875016747,0.2954627735345002,71.29765357971192,72.50232238769532,-11.167775188615787,0.6909128832366004,0.10532028033050639
2025-11-03,69.54999987152982,70.1538362091565,68.7283855036382,69.8964614868164,1369000,0.0,0.0,BXP,32.390804,1.74,9974.376448,3153.085952,225.995,1.032,79.33,53.36,Real Estate,REIT - Office,"BXP, Inc.",-0.008147261750731327,-0.00818063206245423,0.2458464350192261,0.28498393119274484,71.09967460632325,72.53962707519531,-11.891514576053943,0.6653279936002078,0.05208475362002672
2025-11-04,69.17383062338737,70.14393063608536,68.79767340131477,69.02535247802734,1702200,0.0,0.0,BXP,32.390804,1.74,9974.376448,3153.085952,225.995,1.032,79.33,53.36,Real Estate,REIT - Office,"BXP, Inc.",-0.012462848479867117,-0.012541161122002377,0.24612762349746686,0.28352664562128593,70.89971618652343,72.5534292602539,-12.989597279683165,0.6265097044872832,0.07025715142755856
2025-11-05,69.01545268824665,69.09464606876094,67.32273382931004,68.66899108886719,1547500,0.0,0.0,BXP,32.390804,1.74,9974.376448,3153.085952,225.995,1.032,79.33,53.36,Real Estate,REIT - Office,"BXP, Inc.",-0.005162760875050854,-0.005176133972905623,0.2453582290203303,0.279860445461565,70.71856575012207,72.56402709960938,-13.438811182570037,0.6106295571193524,0.0618199667312045
2025-11-06,69.61928827041908,70.04494324586346,68.27303102493435,69.39160919189453,1681300,0.0,0.0,BXP,32.390804,1.74,9974.376448,3153.085952,225.995,1.032,79.33,53.36,Real Estate,REIT - Office,"BXP, Inc.",0.010523208388079741,0.01046822482993806,0.24818515360862767,0.27479715249237574,70.65174789428711,72.55828323364258,-12.527909754324302,0.6428308065135496,0.06911728613891086
2025-11-07,69.48070700017065,71.80695788707665,69.39161255563045,71.62877655029297,1903500,0.0,0.0,BXP,32.390804,1.74,9974.376448,3153.085952,225.995,1.032,79.33,53.36,Real Estate,REIT - Office,"BXP, Inc.",0.03223973884525155,0.031730945163331484,0.2666220642922472,0.2816449317285878,70.79379806518554,72.5851219177246,-9.70783240855544,0.7425232771872601,0.08123585394453382
2025-11-10,71.6287734851756,71.64856805406153,70.2924172926313,70.8863525390625,1307300,0.0,0.0,BXP,32.390804,1.74,9974.376448,3153.085952,225.995,1.032,79.33,53.36,Real Estate,REIT - Office,"BXP, Inc.",-0.010364884715142186,-0.01041897421160798,0.26693719426540014,0.2827697476983732,70.86853523254395,72.5806364440918,-10.64370031632106,0.7094394385154685,0.04871969676310981
2025-11-11,71.28231090622985,72.12371978978321,70.87645050283919,71.68816375732422,1875700,0.0,0.0,BXP,32.390804,1.74,9974.376448,3153.085952,225.995,1.032,79.33,53.36,Real Estate,REIT - Office,"BXP, Inc.",0.011311221265332794,0.011247727746296529,0.2692011562608331,0.28313948255032423,70.96208000183105,72.59434463500976,-9.632971439147585,0.7451696850981974,0.0797196694936053
2025-11-12,71.41099533259144,72.29200091615004,70.92594909667969,70.92594909667969,1535600,0.0,0.0,BXP,32.390804,1.74,9974.376448,3153.085952,225.995,1.032,79.33,53.36,Real Estate,REIT - Office,"BXP, Inc.",-0.010632364126730187,-0.01068929158540671,0.2577032596726707,0.27976072056940027,70.95812034606934,72.56574127197266,-10.593786591857194,0.7112039371097343,0.06117095252379264
2025-11-13,70.75766995684631,71.42089753216126,69.93605561902817,70.08454132080078,1392700,0.0,0.0,BXP,32.390804,1.74,9974.376448,3153.085952,225.995,1.032,79.33,53.36,Real Estate,REIT - Office,"BXP, Inc.",-0.011863186698171324,-0.01193411581919641,0.25844173680610716,0.2806174685106571,70.97841339111328,72.49069259643555,-11.654429193494538,0.6737091919327396,0.053377328133947806
2025-11-14,69.80736501755082,70.39140676835439,69.33221983101913,69.92615509033203,1059400,0.0,0.0,BXP,32.390804,1.74,9974.376448,3153.085952,225.995,1.032,79.33,53.36,Real Estate,REIT - Office,"BXP, Inc.",-0.002259931041622476,-0.0022624885396849634,0.2583682445648455,0.2806996495367104,70.95762557983399,72.3822706604004,-11.854084091350016,0.6666511975556765,0.03519947642551335
2025-11-17,69.82717077075259,70.04494880602945,68.0156617161827,68.41162109375,1064300,0.0,0.0,BXP,32.390804,1.74,9974.376448,3153.085952,225.995,1.032,79.33,53.36,Real Estate,REIT - Office,"BXP, Inc.",-0.02165904867249635,-0.02189704871222955,0.2626349777770091,0.26984152184541316,70.8804141998291,72.26395660400391,-13.763240774297236,0.599160656237086,0.035466717569741756
2025-11-18,68.53040724610644,68.77788089886931,67.76818416631072,68.43141174316406,1117200,0.0,0.0,BXP,32.390804,1.74,9974.376448,3153.085952,225.995,1.032,79.33,53.36,Real Estate,REIT - Office,"BXP, Inc.",0.0002892878300155832,0.00028924599435945533,0.26138590203917217,0.2696974037202238,70.73984909057617,72.21252975463867,-13.738293529353255,0.6000425655537577,0.03835183114722805
2025-11-19,68.58979952236187,68.97585782220865,67.8671731225763,68.67888641357422,976600,0.0,0.0,BXP,32.390804,1.74,9974.376448,3153.085952,225.995,1.032,79.33,53.36,Real Estate,REIT - Office,"BXP, Inc.",0.003616389960490185,0.003609866545062455,0.2607481214511857,0.2697130888389588,70.55077934265137,72.13721984863281,-13.426337560098045,0.6110705117776881,0.030683646478143492
2025-11-20,69.27283191921546,70.1835331976689,67.93646808079494,67.96617126464844,1135400,0.0,0.0,BXP,32.390804,1.74,9974.376448,3153.085952,225.995,1.032,79.33,53.36,Real Estate,REIT - Office,"BXP, Inc.",-0.010377500075262058,-0.010431721779204135,0.2552050878836032,0.26650355980357926,70.29984130859376,72.00136657714843,-14.324755748583842,0.579310557022288,0.039344441111505
2025-11-21,68.16414599926578,69.73807486295479,68.11464824599514,69.33222198486328,1252800,0.0,0.0,BXP,32.390804,1.74,9974.376448,3153.085952,225.995,1.032,79.33,53.36,Real Estate,REIT - Office,"BXP, Inc.",0.020098980048407933,0.01989966185132002,0.24987687458485563,0.26915024384924524,70.0949333190918,71.87420104980468,-12.602770723732155,0.6401843986026123,0.045747320771181585
2025-11-24,69.51040492705471,70.332019315603,69.01545759211675,69.94596099853516,1500400,0.0,0.0,BXP,32.390804,1.74,9974.376448,3153.085952,225.995,1.032,79.33,53.36,Real Estate,REIT - Office,"BXP, Inc.",0.008852146896516144,0.008813196339442816,0.2498985388701653,0.2686766605687218,69.90338897705078,71.74695358276367,-11.82911761183013,0.6675337868332707,0.05925117940607019
2025-11-25,70.05483803814599,72.43058660621126,70.05483803814599,71.69806671142578,1447000,0.0,0.0,BXP,32.390804,1.74,9974.376448,3153.085952,225.995,1.032,79.33,53.36,Real Estate,REIT - Office,"BXP, Inc.",0.025049419407180862,0.02474082548389748,0.25950773081235384,0.273564274967564,69.82122802734375,71.63278030395507,-9.620488199387642,0.7456109797369945,0.056338796324070795
2025-11-26,71.60897126693881,72.38109539377892,71.36149761856984,71.97523498535156,1231300,0.0,0.0,BXP,32.390804,1.74,9974.376448,3153.085952,225.995,1.032,79.33,53.36,Real Estate,REIT - Office,"BXP, Inc.",0.003865770538016733,0.0038583176483563773,0.2552271511577984,0.27087486421490703,69.93754043579102,71.57318557739258,-9.271101745428508,0.7579621299163937,0.04457473207711816
2025-11-28,71.76736119531398,72.08412717711867,71.5198875360198,71.62877655029297,414000,0.0,0.0,BXP,32.390804,1.74,9974.376448,3153.085952,225.995,1.032,79.33,53.36,Real Estate,REIT - Office,"BXP, Inc.",-0.004813578380523542,-0.004825200961405356,0.2492279371954073,0.2676746540284161,70.0330654144287,71.48077117919922,-9.70783240855544,0.7425232771872601,0.0
2025-12-01,70.97543816309735,71.98513486110986,70.50029299533546,71.24271392822266,1465700,0.0,0.0,BXP,32.390804,1.74,9974.376448,3153.085952,225.995,1.032,79.33,53.36,Real Estate,REIT - Office,"BXP, Inc.",-0.005389769875508654,-0.005404347087302341,0.24856579215379404,0.2643078953004139,70.0716709136963,71.4063298034668,-10.19448641343419,0.7253195858833993,0.057358675792860844
2025-12-02,71.29220872077822,71.6683735178227,70.60918655405989,71.02494049072266,889300,0.0,0.0,BXP,32.390804,1.74,9974.376448,3153.085952,225.995,1.032,79.33,53.36,Real Estate,REIT - Office,"BXP, Inc.",-0.0030567818867681673,-0.0030614633871710608,0.24815259054380434,0.2630197464420798,70.1280948638916,71.3432241821289,-10.469002280697518,0.7156151835953988,0.025922390990155707
2025-12-03,71.15362626613765,71.7673636812734,70.01525343578953,70.4310073852539,1081700,0.0,0.0,BXP,32.390804,1.74,9974.376448,3153.085952,225.995,1.032,79.33,53.36,Real Estate,REIT - Office,"BXP, Inc.",-0.008362317537546238,-0.00839747786661036,0.243577506522456,0.2470459996316324,70.19837760925293,71.25745223999023,-11.217688913079657,0.6891483846423346,0.03641569632679774
2025-12-04,70.83685659516331,70.92595103816345,69.54009705961222,69.84696197509766,1082100,0.0,0.0,BXP,32.390804,1.74,9974.376448,3153.085952,225.995,1.032,79.33,53.36,Real Estate,REIT - Office,"BXP, Inc.",-0.008292447202431052,-0.008327020808603584,0.23892459469468955,0.24393181827702298,70.25727615356445,71.17431762695313,-11.953911540277753,0.6631222003671449,0.03643751193040822
2025-12-05,69.83706536038515,70.09443251250168,68.00575435287823,68.57989501953125,1915900,0.0,0.0,BXP,32.390804,1.74,9974.376448,3153.085952,225.995,1.032,79.33,53.36,Real Estate,REIT - Office,"BXP, Inc.",-0.01814061656709065,-0.018307174941093192,0.24251049742334235,0.2369805564969957,70.2166904449463,71.06780303955078,-13.551121871257719,0.6066592652920236,0.08191213765645879
2025-12-08,68.3819237119532,68.3819237119532,67.36233343861277,67.83747863769531,1279700,0.0,0.0,BXP,32.390804,1.74,9974.376448,3153.085952,225.995,1.032,79.33,53.36,Real Estate,REIT - Office,"BXP, Inc.",-0.010825568945891484,-0.010884591774374076,0.24258307271206578,0.23599677120678794,70.02712554931641,70.95703170776368,-14.48698016173539,0.5735757666006934,0.04721442011398653
2025-12-09,67.82757791239604,69.15404066701952,67.35243271096137,68.2829360961914,909700,0.0,0.0,BXP,32.390804,1.74,9974.376448,3153.085952,225.995,1.032,79.33,53.36,Real Estate,REIT - Office,"BXP, Inc.",0.006566539137976779,0.006545073339280486,0.24312108251005116,0.23573396180888073,69.89695472717285,70.84438186645508,-13.925455570160839,0.593426205795953,0.027034986774290313
2025-12-10,68.35222355012996,70.03504130980029,68.3027258003706,69.62918090820312,1805200,0.0,0.0,BXP,32.390804,1.74,9974.376448,3153.085952,225.995,1.032,79.33,53.36,Real Estate,REIT - Office,"BXP, Inc.",0.019715684312625825,0.019523847570748164,0.2511748685423598,0.23753511383540477,69.7940055847168,70.7651902770996,-12.228437024829034,0.6534174580986831,0.07587466935725778
2025-12-11,69.8865587501971,71.05463470537074,69.74797410740501,70.89625549316406,940300,0.0,0.0,BXP,32.390804,1.74,9974.376448,3153.085952,225.995,1.032,79.33,53.36,Real Estate,REIT - Office,"BXP, Inc.",0.01819746503454356,0.01803387282924134,0.21094294294284122,0.23254972141447225,69.79252090454102,70.6721401977539,-10.63121707656112,0.7098807331542656,0.028703880450492214
2025-12-12,70.96554666145157,71.50998416291777,70.23301921597148,70.6883773803711,1118000,0.0,0.0,BXP,32.390804,1.74,9974.376448,3153.085952,225.995,1.032,79.33,53.36,Real Estate,REIT - Office,"BXP, Inc.",-0.002932145165452482,-0.0029364523246259077,0.21119836720543933,0.22950222920093674,69.82271270751953,70.58898910522461,-10.893259321352458,0.7006172855246009,0.03839546235444902
2025-12-15,71.13382808762239,71.58917870712445,70.46069944307662,70.89625549316406,1258700,0.0,0.0,BXP,32.390804,1.74,9974.376448,3153.085952,225.995,1.032,79.33,53.36,Real Estate,REIT - Office,"BXP, Inc.",0.002940767923903298,0.0029364523246259325,0.20910439383913965,0.22729629724339087,69.87121772766113,70.50999557495118,-10.63121707656112,0.7098807331542656,0.0460691009244362
2025-12-16,70.84676100576122,71.203123690018,69.06494758447725,69.98554992675781,1816500,0.0,0.0,BXP,32.390804,1.74,9974.376448,3153.085952,225.995,1.032,79.33,53.36,Real Estate,REIT - Office,"BXP, Inc.",-0.01284560884169772,-0.01292882710258892,0.21118363897264603,0.22777910554445022,69.94991416931153,70.43258575439454,-11.77921350465421,0.6692979454470751,0.07649096015925391
2025-12-17,70.15383429857332,70.85665857109862,68.04535392870079,68.83727264404297,1730800,0.0,0.0,BXP,32.390804,1.74,9974.376448,3153.085952,225.995,1.032,79.33,53.36,Real Estate,REIT - Office,"BXP, Inc.",-0.01640734814424627,-0.016543439331126557,0.21352360149503258,0.22932906347377066,69.97020721435547,70.34884078979492,-13.22668266224257,0.6181285061547512,0.07181696708570805
2025-12-18,69.29262646997334,69.29262646997334,67.97606475449258,68.49081420898438,1562900,0.0,0.0,BXP,32.390804,1.74,9974.376448,3153.085952,225.995,1.032,79.33,53.36,Real Estate,REIT - Office,"BXP, Inc.",-0.0050330064186320245,-0.0050457146537887165,0.21349668975192518,0.2288132377794975,69.96080360412597,70.27281707763672,-13.6634133253695,0.6026896534256176,0.06265986747020806
2025-12-19,68.29282479092632,68.74817539032641,67.66919392589288,68.01565551757812,2810300,0.0,0.0,BXP,32.390804,1.74,9974.376448,3153.085952,225.995,1.032,79.33,53.36,Real Estate,REIT - Office,"BXP, Inc.",-0.006937553552165521,-0.006961730259831829,0.21201082309991964,0.22911661711512143,69.96327781677246,70.2185708618164,-14.262378018935932,0.5815156702944282,0.1306918273294974
2025-12-22,67.8968666191592,68.87686770547596,67.60980383274331,68.74817657470703,1220600,0.0,0.0,BXP,32.390804,1.74,9974.376448,3153.085952,225.995,1.032,79.33,53.36,Real Estate,REIT - Office,"BXP, Inc.",0.010769888955044937,0.010712306767895627,0.19124307451763137,0.2300952081715658,69.93407554626465,70.21777893066407,-13.33899335093025,0.6141582143274226,0.04399116468053776
2025-12-23,68.56010219721345,68.56010219721345,67.86717144496063,68.10475158691406,1131600,0.0,0.0,BXP,32.390804,1.74,9974.376448,3153.085952,225.995,1.032,79.33,53.36,Real Estate,REIT - Office,"BXP, Inc.",-0.009359157142062924,-0.00940322925402835,0.1908505166901026,0.23005903442426878,69.84201507568359,70.19204177856446,-14.15006733024825,0.5854859621217569,0.03913719287720542
2025-12-24,67.98596380356285,68.72838477948166,67.85728021989708,68.5205078125,446300,0.0,0.0,BXP,32.390804,1.74,9974.376448,3153.085952,225.995,1.032,79.33,53.36,Real Estate,REIT - Office,"BXP, Inc.",0.006104658131750984,0.006086100194575543,0.18845094576204788,0.2304523753207143,69.68313713073731,70.16610656738281,-13.625982840665573,0.6040128573810863,0.0017616099915464536
2025-12-26,68.52050733410923,68.71848323872001,68.25323155535834,68.63928985595703,529300,0.0,0.0,BXP,32.390804,1.74,9974.376448,3153.085952,225.995,1.032,79.33,53.36,Real Estate,REIT - Office,"BXP, Inc.",0.0017335254400341338,0.0017320246190324377,0.18660692280995955,0.22319571715435169,69.51633987426757,70.11878952026368,-13.476251284561917,0.6093060131834224,0.0062883477407215515
2025-12-29,68.79767594786186,68.9461616510144,68.21364174837086,68.31262969970703,910200,0.0,0.0,BXP,32.390804,1.74,9974.376448,3153.085952,225.995,1.032,79.33,53.36,Real Estate,REIT - Office,"BXP, Inc.",-0.004759084147512471,-0.004770444646518826,0.1841411622558007,0.22271091715460245,69.35053253173828,70.09146850585938,-13.888025085456912,0.5947494097514215,0.027062256278803414
2025-12-30,68.31263252117962,68.65909414131418,67.99586653244276,68.56999969482422,849600,0.0,0.0,BXP,32.390804,1.74,9974.376448,3153.085952,225.995,1.032,79.33,53.36,Real Estate,REIT - Office,"BXP, Inc.",0.003767531659204959,0.003760452287403592,0.18455078164752015,0.2229475127597087,69.21689682006836,70.0560302734375,-13.56359549372971,0.6062183106336879,0.023757192331815332
2025-12-31,68.81999969482422,68.86000061035156,67.33999633789062,67.4800033569336,1106100,0.7,0.0,BXP,32.390804,1.74,9974.376448,3153.085952,225.995,1.032,79.33,53.36,Real Estate,REIT - Office,"BXP, Inc.",-0.01589611116729961,-0.016023809420844484,0.17952025680803307,0.22362064841705806,69.0396499633789,70.00651336669922,-14.93759818866306,0.5576459820854095,0.03774644814703717
2026-01-02,67.56999969482422,68.2300033569336,66.91000366210938,67.81999969482422,1078900,0.0,0.0,BXP,32.390804,1.74,9974.376448,3153.085952,225.995,1.032,79.33,53.36,Real Estate,REIT - Office,"BXP, Inc.",0.0050384754145940125,0.005025824772846563,0.18020402674571656,0.22304705767596059,68.90909957885742,69.93805908203124,-14.50901336843033,0.5727968713638028,0.03626298710152437
2026-01-05,67.05999755859375,67.91999816894531,66.9000015258789,67.08999633789062,2630000,0.0,0.0,BXP,32.390804,1.74,9974.376448,3153.085952,225.995,1.032,79.33,53.36,Real Estate,REIT - Office,"BXP, Inc.",-0.010763836039788477,-0.010822185207932699,0.18233894388025246,0.22317690278267197,68.77125129699706,69.83065338134766,-15.429224331412295,0.5402665208830448,0.12085844400207248
2026-01-06,66.79000091552734,68.25,66.79000091552734,68.0999984741211,1808200,0.0,0.0,BXP,32.390804,1.74,9974.376448,3153.085952,225.995,1.032,79.33,53.36,Real Estate,REIT - Office,"BXP, Inc.",0.01505443719423849,0.014942243759251867,0.18550029648020105,0.22145002780843515,68.74725646972657,69.73295471191406,-14.156058900641504,0.5852741542943527,0.07603828638433639
2026-01-07,68.5,68.91000366210938,65.81999969482422,66.12999725341797,1939900,0.0,0.0,BXP,32.390804,1.74,9974.376448,3153.085952,225.995,1.032,79.33,53.36,Real Estate,REIT - Office,"BXP, Inc.",-0.028928065563052163,-0.029354730595522995,0.19387491401245538,0.22224606870871708,68.6618824005127,69.58694702148438,-16.63935805695453,0.4974871194152472,0.08322107387308772
2026-01-08,65.7699966430664,67.73999786376953,65.7699966430664,67.05000305175781,1186200,0.0,0.0,BXP,32.390804,1.74,9974.376448,3153.085952,225.995,1.032,79.33,53.36,Real Estate,REIT - Office,"BXP, Inc.",0.013912079790571852,0.013816195088846019,0.1967565742383604,0.22341334774603086,68.60023574829101,69.45241012573243,-15.479638154849598,0.5384843433047902,0.042115022770036266
2026-01-09,67.13999938964844,68.08999633789062,66.70999908447266,67.9800033569336,1126600,0.0,0.0,BXP,32.390804,1.74,9974.376448,3153.085952,225.995,1.032,79.33,53.36,Real Estate,REIT - Office,"BXP, Inc.",0.013870250005177276,0.01377493840681869,0.18611004860512162,0.22494795409053742,68.51777687072754,69.34518447875976,-14.307319605529315,0.5799269415986663,0.03886449783207439
2026-01-12,67.7300033569336,67.7699966430664,66.30000305175781,66.91000366210938,1666500,0.0,0.0,BXP,32.390804,1.74,9974.376448,3153.085952,225.995,1.032,79.33,53.36,Real Estate,REIT - Office,"BXP, Inc.",-0.015739918240458395,-0.015865106122569774,0.18964963800838983,0.22416601851026488,68.3184642791748,69.29040481567382,-15.656115388744011,0.5322457018395153,0.06831010880532301
2026-01-13,67.66000366210938,67.98999786376953,65.95999908447266,66.31999969482422,1476700,0.0,0.0,BXP,32.390804,1.74,9974.376448,3153.085952,225.995,1.032,79.33,53.36,Real Estate,REIT - Office,"BXP, Inc.",-0.008817873785579744,-0.008856981301118751,0.1904531339455293,0.22172069465870672,68.10004539489746,69.22243927001954,-16.399849117831565,0.5059539928240324,0.05795860489214911
2026-01-14,65.9000015258789,66.37999725341797,65.16000366210938,66.37000274658203,1667800,0.0,0.0,BXP,32.390804,1.74,9974.376448,3153.085952,225.995,1.032,79.33,53.36,Real Estate,REIT - Office,"BXP, Inc.",0.0007539664051252615,0.0007536823152424161,0.19047375457888102,0.22071622956872108,67.87373275756836,69.14042724609375,-16.336817412603008,0.5081822247675426,0.06838100951705707
2026-01-15,66.47000122070312,67.66000366210938,65.86000061035156,67.11000061035156,1623900,0.0,0.0,BXP,32.390804,1.74,9974.376448,3153.085952,225.995,1.032,79.33,53.36,Real Estate,REIT - Office,"BXP, Inc.",0.011149583142177066,0.011087884724223987,0.19438621586979107,0.22186096800870225,67.72995529174804,69.08469802856445,-15.404007802405692,0.5411579496526334,0.06598674702080663
2026-01-16,66.91000366210938,68.0199966430664,66.43000030517578,67.94999694824219,2207300,0.0,0.0,BXP,32.390804,1.74,9974.376448,3153.085952,225.995,1.032,79.33,53.36,Real Estate,REIT - Office,"BXP, Inc.",0.012516708839979573,0.012439022420395959,0.19766703249345877,0.22003126856822391,67.685591506958,69.06319091796875,-14.345144399039217,0.5785897984442834,0.09780480488669521
2026-01-20,66.79000091552734,67.19999694824219,65.47000122070312,65.62999725341797,1436900,0.0,0.0,BXP,32.390804,1.74,9974.376448,3153.085952,225.995,1.032,79.33,53.36,Real Estate,REIT - Office,"BXP, Inc.",-0.03414274906577808,-0.0347392290491965,0.2188788487777345,0.22727725572247606,67.54255065917968,69.00241104125976,-17.269636640088276,0.47520615990199044,0.055787952332906114
2026-01-21,66.08999633789062,66.83000183105469,65.5999984741211,65.93000030517578,1527500,0.0,0.0,BXP,32.390804,1.74,9974.376448,3153.085952,225.995,1.032,79.33,53.36,Real Estate,REIT - Office,"BXP, Inc.",0.004571126989376673,0.004560711117852646,0.21415537652542516,0.22690194133664232,67.43826789855957,68.93317886352538,-16.89146564329285,0.48857487160212903,0.060729186550680374
2026-01-22,66.54000091552734,67.51000213623047,65.3499984741211,65.4000015258789,1674400,0.0,0.0,BXP,32.390804,1.74,9974.376448,3153.085952,225.995,1.032,79.33,53.36,Real Estate,REIT - Office,"BXP, Inc.",-0.008038810508776306,-0.00807129595935853,0.21321994722195578,0.2267043670702496,67.27085914611817,68.80860336303711,-17.559559402648546,0.4649571089149507,0.06874096697663004
2026-01-23,65.0999984741211,65.68000030517578,64.69000244140625,65.48999786376953,1629700,0.0,0.0,BXP,32.390804,1.74,9974.376448,3153.085952,225.995,1.032,79.33,53.36,Real Estate,REIT - Office,"BXP, Inc.",0.0013760907613284967,0.0013751448161416363,0.2121194357827312,0.2263954552976177,67.14012145996094,68.70067626953124,-17.44611387398269,0.46896751843671547,0.06630307327315862
2026-01-26,65.33999633789062,65.93000030517578,64.4800033569336,64.7699966430664,1626400,0.0,0.0,BXP,32.390804,1.74,9974.376448,3153.085952,225.995,1.032,79.33,53.36,Real Estate,REIT - Office,"BXP, Inc.",-0.01099406389050206,-0.011054945244477159,0.20420071994086064,0.22702105123033542,66.95259590148926,68.5623129272461,-18.353716572461355,0.4368828823407519,0.06612309454337215
2026-01-27,64.5999984741211,65.33999633789062,63.95000076293945,65.22000122070312,3458100,0.0,0.0,BXP,32.390804,1.74,9974.376448,3153.085952,225.995,1.032,79.33,53.36,Real Estate,REIT - Office,"BXP, Inc.",0.006947731989498163,0.006923707711573307,0.19684519164473815,0.20408035984021677,66.78163146972656,68.44819396972656,-17.786460077268213,0.45693594989095976,0.16602219737667367
2026-01-28,63.900001525878906,66.30000305175781,62.75,64.1500015258789,4016800,0.0,0.0,BXP,32.390804,1.74,9974.376448,3153.085952,225.995,1.032,79.33,53.36,Real Estate,REIT - Office,"BXP, Inc.",-0.016406005440008586,-0.016542074230117835,0.20081503046248234,0.20645104788026528,66.57350006103516,68.32950317382813,-19.13525586048291,0.40925471013180875,0.19649314171961496
2026-01-29,64.44999694824219,65.29000091552734,63.43000030517578,65.01000213623047,2381100,0.0,0.0,BXP,32.390804,1.74,9974.376448,3153.085952,225.995,1.032,79.33,53.36,Real Estate,REIT - Office,"BXP, Inc.",0.013406088696734209,0.013317022228651288,0.20580290690681377,0.20717368040750453,66.39550018310547,68.2311801147461,-18.051175928109835,0.4475779876930473,0.10728368465544981
2026-01-30,65.20999908447266,65.63999938964844,64.0,64.66999816894531,2621900,0.0,0.0,BXP,32.390804,1.74,9974.376448,3153.085952,225.995,1.032,79.33,53.36,Real Estate,REIT - Office,"BXP, Inc.",-0.005230025474736499,-0.0052437499317238125,0.20374706871789347,0.20684543639266323,66.25499992370605,68.15634765625,-18.479770365630515,0.43242675843419276,0.12041667802896021
2026-02-02,64.80000305175781,65.05999755859375,62.9900016784668,63.060001373291016,1712500,0.0,0.0,BXP,32.390804,1.74,9974.376448,3153.085952,225.995,1.032,79.33,53.36,Real Estate,REIT - Office,"BXP, Inc.",-0.02489557509261564,-0.025210711250237668,0.21014853941038542,0.21125635847123714,66.01700000762939,68.04891944885254,-20.509263364060235,0.3606822115932997,0.07081890322052849
2026-02-03,63.06999969482422,63.880001068115234,62.41999816894531,62.7599983215332,3116100,0.0,0.0,BXP,32.390804,1.74,9974.376448,3153.085952,225.995,1.032,79.33,53.36,Real Estate,REIT - Office,"BXP, Inc.",-0.0047574222204961325,-0.004768774773825426,0.2101249782297131,0.21122730204933984,65.80050010681153,67.93054168701173,-20.88743436085566,0.3473134998931611,0.14736985628971122
2026-02-04,63.400001525878906,64.55999755859375,63.130001068115234,63.72999954223633,2854000,0.0,0.0,BXP,32.390804,1.74,9974.376448,3153.085952,225.995,1.032,79.33,53.36,Real Estate,REIT - Office,"BXP, Inc.",0.015455724133923487,0.015337501022723899,0.2162487308522738,0.21265471308567185,65.58200016021729,67.84581825256348,-19.664692370810123,0.3905386157457531,0.1330751820239426
2026-02-05,64.56999969482422,64.62999725341797,62.88999938964844,63.16999816894531,1956600,0.0,0.0,BXP,32.390804,1.74,9974.376448,3153.085952,225.995,1.032,79.33,53.36,Real Estate,REIT - Office,"BXP, Inc.",-0.008787092065172253,-0.008825926218877614,0.21356479863665964,0.20131241363420393,65.43400020599366,67.72257377624511,-20.370606115031748,0.3655838798944225,0.08413187532382536
2026-02-06,63.09000015258789,64.83000183105469,62.869998931884766,64.72000122070312,3462000,0.0,0.0,BXP,32.390804,1.74,9974.376448,3153.085952,225.995,1.032,79.33,53.36,Real Estate,REIT - Office,"BXP, Inc.",0.024537012770087463,0.024240815687067756,0.22661662291195014,0.2077325273319327,65.31750011444092,67.61805458068848,-18.416738660401958,0.434654990377703,0.16623489951187587
2026-02-09,64.3499984741211,65.1500015258789,64.01000213623047,65.01000213623047,2032100,0.0,0.0,BXP,32.390804,1.74,9974.376448,3153.085952,225.995,1.032,79.33,53.36,Real Estate,REIT - Office,"BXP, Inc.",0.004480854605339202,0.004470845464872809,0.2261854294573424,0.20641040794409682,65.16900005340577,67.48429328918456,-18.051175928109835,0.4475779876930473,0.08824957050530392
2026-02-10,65.13999938964844,66.55999755859375,64.93000030517578,66.0999984741211,2123600,0.0,0.0,BXP,32.390804,1.74,9974.376448,3153.085952,225.995,1.032,79.33,53.36,Real Estate,REIT - Office,"BXP, Inc.",0.016766594401989243,0.016627586696833837,0.23225617286086989,0.20888110695069473,65.12849979400634,67.36678855895997,-16.677173233176486,0.4961503162413256,0.09323988983120177
2026-02-11,66.16000366210938,66.7699966430664,61.439998626708984,61.779998779296875,4349300,0.0,0.0,BXP,32.390804,1.74,9974.376448,3153.085952,225.995,1.032,79.33,53.36,Real Estate,REIT - Office,"BXP, Inc.",-0.0598086464986285,-0.0675890560416761,0.29763417068982917,0.24611552061879313,64.90149974822998,67.16981300354004,-22.122779806760523,0.3036428396460055,0.21462736222082845
2026-02-12,62.400001525878906,62.400001525878906,57.59000015258789,59.06999969482422,6361000,0.0,0.0,BXP,32.390804,1.74,9974.376448,3153.085952,225.995,1.032,79.33,53.36,Real Estate,REIT - Office,"BXP, Inc.",-0.04386531463287768,-0.04485649157876071,0.31921833131610966,0.2606579641188483,64.53649959564208,66.92635871887207,-25.538888573270867,0.18288007988180918,0.32434348667884705
2026-02-13,59.40999984741211,61.9900016784668,59.40999984741211,61.4900016784668,2517900,0.0,0.0,BXP,32.390804,1.74,9974.376448,3153.085952,225.995,1.032,79.33,53.36,Real Estate,REIT - Office,"BXP, Inc.",0.04096837643719553,0.04015141110915702,0.34359320574505,0.2725045485511477,64.25549964904785,66.73565994262695,-22.488337730408674,0.2907200123208919,0.1147446210902348
2026-02-17,60.900001525878906,62.04999923706055,59.939998626708984,60.65999984741211,2657200,0.0,0.0,BXP,32.390804,1.74,9974.376448,3153.085952,225.995,1.032,79.33,53.36,Real Estate,REIT - Office,"BXP, Inc.",-0.013498159186834835,-0.013590087516985835,0.3440883683934743,0.2735527687832713,63.89099979400635,66.54023979187012,-23.5346024865598,0.25373353793357495,0.12234190504758528
2026-02-18,60.5099983215332,61.83000183105469,60.400001525878906,61.54999923706055,2366900,0.0,0.0,BXP,32.390804,1.74,9974.376448,3153.085952,225.995,1.032,79.33,53.36,Real Estate,REIT - Office,"BXP, Inc.",0.01467193194670613,0.014565340490046815,0.34729289014049597,0.275429847413729,63.68699989318848,66.37430053710938,-22.412707377964768,0.2933936186687351,0.10650923072727768
2026-02-19,61.45000076293945,62.290000915527344,60.630001068115234,62.220001220703125,2462200,0.0,0.0,BXP,32.390804,1.74,9974.376448,3153.085952,225.995,1.032,79.33,53.36,Real Estate,REIT - Office,"BXP, Inc.",0.010885491339521547,0.010826670853614098,0.3456541070533555,0.2760069226156145,63.50149993896484,66.24710266113281,-21.568131576070684,0.32325019281141915,0.11170679828747512
2026-02-20,62.36000061035156,62.68000030517578,60.7599983215332,60.880001068115234,2482800,0.0,0.0,BXP,32.390804,1.74,9974.376448,3153.085952,225.995,1.032,79.33,53.36,Real Estate,REIT - Office,"BXP, Inc.",-0.02153648547570297,-0.02177177999060457,0.3414319729457999,0.27539480640608827,63.27549991607666,66.10795310974122,-23.25727837121488,0.26353721451628176,0.11283030187341496
2026-02-23,60.91999816894531,61.540000915527344,59.290000915527344,59.619998931884766,2735900,0.0,0.0,BXP,32.390804,1.74,9974.376448,3153.085952,225.995,1.032,79.33,53.36,Real Estate,REIT - Office,"BXP, Inc.",-0.020696486762881716,-0.02091366076348952,0.34168632701554175,0.2770675916883214,62.98199996948242,65.93469436645508,-24.845583093552545,0.2073891013483455,0.1266341250579477
2026-02-24,58.70000076293945,60.04999923706055,58.0,59.5,2546000,0.0,0.0,BXP,32.390804,1.74,9974.376448,3153.085952,225.995,1.032,79.33,53.36,Real Estate,REIT - Office,"BXP, Inc.",-0.0020127295208753893,-0.00201475778295644,0.3376745210675348,0.2710571273785206,62.7185001373291,65.73211074829102,-24.996848607084328,0.20204171866242848,0.11627716724387117
2026-02-25,59.75,60.58000183105469,59.04999923706055,60.29999923706055,2628000,0.0,0.0,BXP,32.390804,1.74,9974.376448,3153.085952,225.995,1.032,79.33,53.36,Real Estate,REIT - Office,"BXP, Inc.",0.013445365328748737,0.013355778529160077,0.33960361266572525,0.27279262844236246,62.472500038146975,65.52018562316894,-23.988403835799133,0.23769121988559316,0.12074936598402007
2026-02-26,60.63999938964844,61.65999984741211,60.13999938964844,61.16999816894531,1817000,0.0,0.0,BXP,32.390804,1.74,9974.376448,3153.085952,225.995,1.032,79.33,53.36,Real Estate,REIT - Office,"BXP, Inc.",0.01442784316571033,0.014324752239861184,0.34295030427101447,0.27502652524912746,62.323499870300296,65.32981803894043,-22.89172044756673,0.2764600418413954,0.076518229663767
2026-02-27,60.25,60.709999084472656,57.45000076293945,57.58000183105469,18749500,0.0,0.0,BXP,32.390804,1.74,9974.376448,3153.085952,225.995,1.032,79.33,53.36,Real Estate,REIT - Office,"BXP, Inc.",-0.058688841676526105,-0.060481526336390395,0.3794386309675844,0.29815550346280545,61.95199985504151,65.06349296569825,-27.4171160581688,0.11648291572683318,1.0
2026-03-02,56.9900016784668,57.27000045776367,55.63999938964844,56.2400016784668,2730600,0.0,0.0,BXP,32.390804,1.74,9974.376448,3153.085952,225.995,1.032,79.33,53.36,Real Estate,REIT - Office,"BXP, Inc.",-0.023271971343793663,-0.023547039637090462,0.38026089043216954,0.30093125722070346,61.53050003051758,64.78858200073242,-29.106262853312998,0.056769937431695804,0.1263450683101088
2026-03-03,54.939998626708984,56.52000045776367,53.36000061035156,55.25,3266100,0.0,0.0,BXP,32.390804,1.74,9974.376448,3153.085952,225.995,1.032,79.33,53.36,Real Estate,REIT - Office,"BXP, Inc.",-0.017603158764588844,-0.01775993694926222,0.3778099268406281,0.30213583909373987,61.13999996185303,64.51683654785157,-30.354216563721163,0.012653562799745898,0.15555070764364212
